0.1236374218708615
0.004881468294258422
0.000380757692257945
8.818406663448914e-05
3.841805595661761e-05
2.3321135948965036e-05
1.6293936933371414e-05
1.2328941422110269e-05
9.821111422237352e-06
8.093311769404769e-06
6.855519460729848e-06
5.946375152435866e-06
5.2604813331438955e-06
4.730845466321463e-06
4.313142114476015e-06
3.977264794810827e-06
3.7023515348543243e-06
3.473668589464777e-06
3.280612532755331e-06
3.115416930674827e-06
2.9723036551603176e-06
2.8469152739413272e-06
2.7359265029401538e-06
2.6367723148646106e-06
2.5474539927790032e-06
2.4663986225599194e-06
2.3923560817345224e-06
2.3243228459479244e-06
2.2597612567265823e-06
2.19887070161444e-06
2.142027307722188e-06
2.0887705563875164e-06
2.0387113105924417e-06
1.9915205981509416e-06
1.946918314032476e-06
1.9046641860785952e-06
1.8645506417702133e-06
1.8263969376652696e-06
1.7900446092627652e-06
1.7553533905871368e-06
1.7221972527410278e-06
1.6904574298947995e-06
1.651044011434855e-06
1.620702528643538e-06
1.5921346348384913e-06
1.564786926157993e-06
1.5385768091384905e-06
1.5134308410002087e-06
1.4892813887056726e-06
1.4635307644917914e-06
1.436931307777486e-06
1.4150911974218118e-06
1.394116683262768e-06
1.3739552138460817e-06
1.3545205797982639e-06
1.3358638475733846e-06
1.3178195804982038e-06
1.3004884859484469e-06
1.2837326521278632e-06
1.2675165637279462e-06
1.2500901377925749e-06
4.187028800009257e-06
3.825100474915512e-05
4.613510453805778e-05
0.0004207809230008218
0.005606731702425284
0.01734800188083745
0.05656183107894232
0.022676204010710667
0.007863925186735652
0.0025050059986443116
0.0010034903420041877
0.0005169171151432811
0.0003325276032065344
0.00021944358645071746
0.00014780242310365752
0.0001040596542116921
7.689213440436312e-05
5.896114246847966e-05
4.653316256945378e-05
3.7606130329406174e-05
3.101842902979901e-05
2.6022403523266402e-05
2.2125738552771514e-05
1.9026115535990277e-05
1.6534881119802142e-05
1.4513830627081691e-05
1.2853780723102399e-05
1.1472178870880663e-05
1.0309780368359802e-05
9.32421447390296e-06
8.48336754359508e-06
7.761363222221185e-06
7.137011962199075e-06
6.5932339338634035e-06
6.116561104263127e-06
5.696485395032749e-06
5.324705602792152e-06
4.994435187159643e-06
4.69991641614363e-06
4.436178159391964e-06
4.198961002199404e-06
3.984691069872485e-06
3.79042118285312e-06
3.613724210192551e-06
3.45256719370069e-06
3.305201635620826e-06
3.1700895117123218e-06
3.0458651608226182e-06
2.931321014167779e-06
2.8254023381166973e-06
2.7272000662465242e-06
2.6359371177553483e-06
2.5509489021273727e-06
2.4716614977072344e-06
2.397571409509976e-06
2.3282297084069186e-06
2.2632316997285022e-06
2.202211182569179e-06
2.144837540533281e-06
2.0908146683831755e-06
2.0398783176104306e-06
1.991792545267046e-06
1.9463457251879275e-06
1.903346132313747e-06
1.862618053225115e-06
1.8239991341606504e-06
1.7873389702964858e-06
1.7524985095514294e-06
1.719349842126604e-06
1.6877759596465367e-06
1.6576702406719356e-06
1.6289356174246408e-06
1.6014835269318796e-06
1.5752328134137338e-06
1.5501087331028535e-06
1.5260421818526897e-06
1.5029690923775513e-06
1.4808300348862078e-06
1.4595699122955155e-06
1.4391376920073974e-06
1.4194861305282991e-06
1.4005714700031927e-06
1.3823531422318227e-06
1.3647934533074214e-06
1.3478573062870033e-06
1.331511969450074e-06
1.315726886236966e-06
1.3004735218195618e-06
1.2857252331306305e-06
1.2714571486014173e-06
1.257646047389739e-06
1.2442702335667313e-06
1.2313094064065519e-06
1.2187445319631584e-06
1.2065577226955235e-06
1.1947321311029947e-06
1.1832518608490131e-06
1.1721020743422656e-06
1.1612685484839483e-06
1.150737734542024e-06
1.1404969863310874e-06
1.1305343471929676e-06
1.1208385228280108e-06
1.1113988239751356e-06
1.1022051687629619e-06
1.0932480180909359e-06
1.0845183347693727e-06
1.076007545010077e-06
1.0677075033639251e-06
1.0596104475886437e-06
1.0517090093595663e-06
1.0439961672881761e-06
1.036465225602536e-06
1.0291098097872186e-06
1.0219241627937841e-06
1.0149021516141456e-06
1.0080381514689805e-06
1.0013268348777188e-06
9.947630881431311e-07
9.883420051807337e-07
9.820588654091828e-07
9.759090651190964e-07
9.698882680553759e-07
9.639922666912523e-07
9.582169609273917e-07
9.525583539838812e-07
9.470125160092945e-07
9.41575522648301e-07
9.362433392504322e-07
9.310116116400056e-07
9.251238435335047e-07
9.187850748526983e-07
9.135744993708073e-07
9.084795282209336e-07
9.034950946995653e-07
8.96906705279773e-07
8.914959140047141e-07
8.86581496855546e-07
8.817930997391054e-07
8.771243963681771e-07
8.725693149423815e-07
8.681215034875413e-07
8.63087000380771e-07
4.634798549307282e-06
3.978730291475706e-05
5.3419633669548214e-05
0.0005334130620437837
0.00765323509711892
0.020450301731203768
0.05175297451913218
0.023741632747338395
0.008727849894918708
0.0027153083220446857
0.0010111538849041266
0.000489284746309238
0.0002908476029356154
0.00020399690030437168
0.0001408515269462713
9.809079435603469e-05
7.106142514628207e-05
5.338324593277054e-05
4.1339856030764847e-05
3.2829201938946014e-05
2.6623292093030328e-05
2.1979583054427832e-05
1.8428319690061557e-05
1.5660505461908866e-05
1.3467082063572573e-05
1.1703186185061578e-05
1.0266248460572008e-05
9.082216485152752e-06
8.096623092570853e-06
7.26868686169718e-06
6.567383941058681e-06
5.968794198090428e-06
5.454262091603927e-06
5.00908860618277e-06
4.621583236469932e-06
4.282367836229101e-06
3.983859349893066e-06
3.7198807505118095e-06
3.485365026794457e-06
3.2761278453026046e-06
3.0886916977802436e-06
2.920149040407727e-06
2.768055108784341e-06
2.6303433863536376e-06
2.5052584285595702e-06
2.39130212773052e-06
2.2871903661565748e-06
2.1918178608372035e-06
2.104229483818364e-06
2.023596731036975e-06
1.9491983161142153e-06
1.8804040897903268e-06
1.816661657384468e-06
1.7574851980126216e-06
1.7024460898788422e-06
1.651165219081582e-06
1.6033058046228672e-06
1.5585681454462826e-06
1.5166848081115201e-06
1.477416815137327e-06
1.4405495829981814e-06
1.405889951375757e-06
1.3732639992627994e-06
1.3425147447900289e-06
1.3135001946026162e-06
1.2860915584615732e-06
1.260171853248174e-06
1.2356346294368035e-06
1.2123828561115647e-06
1.1903279418247756e-06
1.1693888722501359e-06
1.1494914487746608e-06
1.1305676146612387e-06
1.1125548574110411e-06
1.0953956776073654e-06
1.079037115905468e-06
1.0634303309998864e-06
1.0485302223846992e-06
1.034295092558587e-06
1.020686344035825e-06
1.0076682071325205e-06
9.952074950152119e-07
9.83273382945711e-07
9.718372090373556e-07
9.608722941706353e-07
9.503537789989704e-07
9.402584762256467e-07
9.30564736545085e-07
9.212523268303373e-07
9.123023193101759e-07
9.036969906230106e-07
8.954197297568931e-07
8.874549539974398e-07
8.797880320980581e-07
8.724052139742944e-07
8.652935662964939e-07
8.584409134226001e-07
8.518360907583426e-07
8.454680385653418e-07
8.393265150399299e-07
8.334018735605246e-07
8.276850202179248e-07
8.221673015904446e-07
8.168405524600047e-07
8.116970339073542e-07
8.067294056251304e-07
