1.851638786939442e-05
1.096321021075813e-07
2.5587823311467597e-08
1.2804514513105334e-08
8.737159907376283e-09
6.634032763091428e-09
5.339854973679888e-09
5.152385116730557e-09
4.496921894273376e-09
3.8914845258811096e-09
3.3506413108207825e-09
2.944050955391257e-09
2.630925268010525e-09
2.3848099052163678e-09
2.187703746291305e-09
2.026945613269541e-09
1.8934837719100804e-09
1.7807992458981663e-09
1.6841786540947058e-09
1.6002079466723018e-09
1.526402007966606e-09
1.460936768413636e-09
1.4024524407952921e-09
1.3499110272945594e-09
1.302496725886854e-09
1.259543469979747e-09
1.2204942668985748e-09
1.184875500568806e-09
1.1522761249376991e-09
1.122341941226682e-09
1.0947694416217314e-09
1.0693009599092638e-09
1.0457206792055924e-09
1.023846329571039e-09
1.0035258547493971e-09
9.84619216153094e-10
9.670041674995125e-10
9.503519611925963e-10
9.235812068651748e-10
8.849569600805723e-10
8.460582066035742e-10
8.101123312113771e-10
7.76802242999781e-10
7.458567908561672e-10
7.170411119254969e-10
6.901510889115449e-10
