60590.70714657848
50054.12927459141
236.92385999234165
5.103814795115361
0.8125166353584333
0.21970164019115415
0.08553058641350815
0.04444583179084852
0.027426624545354838
0.01823336986050989
0.012558298309545444
0.008892713006587486
0.0064930433037388244
0.0049006693180356255
0.003814033462182092
0.0030446679865107186
0.002479560832082799
0.0020517681365005707
0.0017205916956621048
0.0014598726822075082
0.0012517495092425049
0.001083484520666088
0.0009457890416102263
0.0008318227372274912
0.0007365124190159071
0.0006560586343660227
0.0005875781784852496
0.0005288507992682903
0.0004774689776911174
0.0004331812203712679
0.00039454151852711235
0.00036043603115704727
0.00033032545662434485
0.0003036303621470494
0.00027986522366548416
0.00025862566029294685
0.0002395736043382664
0.0002224249979751972
0.0002069399516146121
0.00019291484857112808
0.0001801760101099903
0.00016857458171791294
0.0001579822562304276
0.0001482892387768402
0.00013939929421339717
0.0001312277625380097
0.00012370151616217942
0.00011675654071419018
0.00011033640003888125
0.0001043911790978677
9.887679826257095e-05
9.375448470721192e-05
8.898838867107602e-05
8.454764031395819e-05
8.04043245743288e-05
7.65334901477527e-05
7.291264689642308e-05
6.952152039818327e-05
6.634177751643963e-05
6.335700613374582e-05
6.0553064392407863e-05
0.000331853765898797
0.0022276241581359597
0.003893566116608608
0.007402017577207022
0.010056571698505068
0.002953401897195301
0.013466818093805599
0.03278218417176325
0.005779485997053492
0.0018343888703851864
0.0006060877724237832
0.00010102611747765069
0.00028594911539743816
0.0004926303837821847
0.00023118348197275127
5.73496255100215e-05
3.5920967668084755e-05
3.8833960018680666e-05
4.0470214873059304e-05
4.0242921488624486e-05
3.8475203416426715e-05
3.632867343770056e-05
3.4397700671839345e-05
3.2613178945977307e-05
3.095839904816844e-05
2.9482881681506365e-05
2.816898103729695e-05
2.6961775704512967e-05
2.581220557291708e-05
2.4695501847882952e-05
2.3617320839604905e-05
2.26014265318117e-05
2.166728239685352e-05
2.081752725549196e-05
2.0041694264206315e-05
1.932622728568966e-05
1.8660571938001195e-05
1.8037555416412827e-05
1.7451453931479247e-05
1.6896742942462524e-05
1.6368168754916433e-05
1.5861435356185e-05
1.537375863275391e-05
1.4903912398149183e-05
1.4451771703662706e-05
1.4017637013461543e-05
1.3601678314056234e-05
1.3203690771363465e-05
1.2823126443816896e-05
1.2459242207116399e-05
1.2111223941172543e-05
1.1778239039145087e-05
1.1459442387344681e-05
1.1153977394777272e-05
1.086099401097743e-05
1.0579679996242655e-05
1.0309289055382468e-05
1.0049154381794767e-05
9.798684689968308e-06
9.557346344578363e-06
9.324649971117234e-06
9.100135998274538e-06
8.883369520939571e-06
8.673943980591602e-06
8.471485045714232e-06
8.27565381156857e-06
8.08614750850487e-06
7.902696121228811e-06
7.725056555618736e-06
7.5530058734883416e-06
7.386335305094848e-06
7.224845794957306e-06
7.068345509112532e-06
6.916649064065092e-06
6.769578713880044e-06
6.626959287733752e-06
6.488624326698083e-06
6.354415368156405e-06
6.224180092849675e-06
6.097772444572211e-06
5.975052379906758e-06
5.855885818164077e-06
5.740144232954488e-06
5.627702491920328e-06
5.518441581089713e-06
5.412248094956193e-06
5.309013323649233e-06
5.208633395120139e-06
5.111008902808935e-06
5.016044722780329e-06
4.923649716033517e-06
4.833736505700809e-06
4.746221281793275e-06
4.6610235930350446e-06
4.578066202810399e-06
4.497274985784776e-06
4.4185787424115145e-06
4.341908738008939e-06
4.267200160451605e-06
4.1943899463462296e-06
4.123416564091869e-06
4.054222194767772e-06
3.986750883205642e-06
3.920948995471466e-06
3.856764319617938e-06
3.79414707721897e-06
3.733049268797576e-06
3.673424679796633e-06
3.6152288255068183e-06
3.5584186507974063e-06
3.5029532807575173e-06
3.4487930668362447e-06
3.395899549167291e-06
3.3442353620206408e-06
3.2937656008570913e-06
3.2444574708471965e-06
3.196275818865901e-06
3.1491885268918634e-06
3.103164741593767e-06
3.058174561679647e-06
3.01418905819908e-06
2.971180173148236e-06
2.9291210174299793e-06
2.8879848979185203e-06
2.84774620922809e-06
2.8083802550537507e-06
2.7698628742805544e-06
2.7321703704010482e-06
2.6952792315967288e-06
2.6591662190123805e-06
2.6238054201364066e-06
2.5891916622200754e-06
2.55536121956631e-06
2.5222587039068227e-06
2.48978050849103e-06
2.457930884052559e-06
2.426777237965645e-06
2.3962692751460423e-06
2.3663526332752695e-06
2.337025575193389e-06
2.3082852505542815e-06
2.2801469501973894e-06
2.252811150302807e-06
0.000289137630216128
0.0022364952106097907
0.004030013310853788
0.007679266809003331
0.010565907734364062
0.0024976417270341326
0.00741274724603564
0.02913032018778473
0.005425633519206245
0.0005669521506967368
0.00037458884759111445
0.0001610901627389758
8.589503979595622e-05
0.00014212772551411317
0.0001127135314402981
4.8567528791757524e-05
1.0770523775739654e-05
6.339726003706182e-06
7.0152881627663976e-06
7.4244621587444284e-06
7.280501346781923e-06
6.868566910414657e-06
6.376978940819425e-06
5.892699558600397e-06
5.450010917517669e-06
5.055818989601066e-06
4.707426415040482e-06
4.4007483637540044e-06
4.131087605299107e-06
3.893003691671241e-06
3.6812514184871972e-06
3.491638938800954e-06
3.3211238101715877e-06
3.167440699588595e-06
3.028717255024469e-06
2.9032681500072765e-06
2.7895385225840046e-06
2.6861114406595274e-06
2.591722841924265e-06
2.5052658235774793e-06
2.4257845185521965e-06
2.352461807766029e-06
2.284603500044927e-06
2.2216207502592473e-06
2.163014521951708e-06
2.1083509796240555e-06
2.0572555079832594e-06
2.0094005074376467e-06
1.9644944209278065e-06
1.9222761268051016e-06
1.8825105531473334e-06
1.844985456438382e-06
1.8095089805301219e-06
1.7759076054646553e-06
1.7440244490196937e-06
1.7137174060110832e-06
1.6848592887784062e-06
1.6573340496203667e-06
1.6310372116571137e-06
1.6058746699850524e-06
1.5817619349572775e-06
1.5586226718915718e-06
1.5363872320718238e-06
1.5149930814304586e-06
1.4943836655228518e-06
1.4745075386290239e-06
1.4553179882358418e-06
1.4367724064549694e-06
1.4188319319789975e-06
1.4014609604391005e-06
1.3846268634795638e-06
1.3682996220242239e-06
1.3524515943030245e-06
1.3370572669491037e-06
1.3220930557220519e-06
1.307537095408158e-06
1.2933690998675515e-06
1.2795702281945861e-06
1.2661229301209144e-06
1.2530108428315547e-06
1.2402187062822192e-06
1.2277322438857744e-06
1.2155381252782098e-06
1.2036237977123823e-06
1.191977575999592e-06
1.1805884079036918e-06
1.1694459675288107e-06
1.1585404877251381e-06
1.1478627970032853e-06
1.1374042532766202e-06
1.1271566753663255e-06
1.1171123606401344e-06
1.107264000770352e-06
1.0976046984152562e-06
1.088127921576597e-06
1.0788274470516564e-06
1.0696974006352709e-06
1.0607317454600798e-06
1.05192637092484e-06
1.0432752480484704e-06
1.0347737992363395e-06
1.0264171090409923e-06
1.0182014463527922e-06
1.0101221499980598e-06
1.0021753419717028e-06
9.943572049341936e-07
