0.007292957775599303
0.0006601861759677718
3.8607568171706465e-06
6.819194533173554e-07
2.892942544242624e-07
1.6011285029492717e-07
1.0185896244365739e-07
7.95934917990056e-08
6.00259093136556e-08
4.6907450595150676e-08
3.744424142728543e-08
3.090771155661012e-08
2.6138504864970062e-08
2.252215721823421e-08
1.9701383563266843e-08
1.7451861500344223e-08
1.5624552022681976e-08
1.411660369989483e-08
1.2855127997811321e-08
1.1787329839144255e-08
1.0874219287066865e-08
1.0086460962727275e-08
9.40160445917131e-09
8.802204600116678e-09
8.274540874754945e-09
7.807640754089238e-09
7.3926858733600466e-09
7.022498931813712e-09
6.6911810346155416e-09
6.393833465971783e-09
6.126328328670362e-09
5.885158570754563e-09
5.667322264418326e-09
5.47023212486425e-09
5.291658249396996e-09
5.129648892818269e-09
4.982515446172158e-09
4.847695044578025e-09
4.669335526902439e-09
4.441426165575016e-09
4.220892147792063e-09
4.021437371266921e-09
3.840199350465574e-09
3.674876034530161e-09
3.523547817319751e-09
3.3845867877835734e-09
