1.264848485018814e-14
1.5508593808451187e-17
7.567545861391755e-18
7.003364387019861e-18
6.6740807061586696e-18
6.4128553891216356e-18
6.2468523315260544e-18
6.1406577973113e-18
6.066496399998162e-18
6.0223620789213255e-18
6.009772639183908e-18
6.0241221546627e-18
6.055810866938458e-18
6.094082503388006e-18
6.132186625254969e-18
6.16706056243339e-18
6.20004307749196e-18
6.232562385387648e-18
6.265313778855528e-18
6.299139492792468e-18
6.334450505307265e-18
6.3718954943067776e-18
6.4117093866644434e-18
6.4539646736116946e-18
