60590.82470394271
53777.66605434167
162.0785228632487
1.190288030851904
0.06068181403590183
0.004504201740384925
0.0001111935058708735
7.922353205833149e-05
0.00014328923512746142
7.840003554902795e-05
1.649782947996241e-05
1.5565412764684527e-06
1.8635864634784536e-05
3.9685637210253506e-05
4.757942479297579e-05
4.139730606970901e-05
2.885584243172391e-05
1.710601179480328e-05
9.086920549833427e-06
4.597207957163709e-06
2.3997637377263764e-06
1.4190604668064042e-06
1.0193709754876216e-06
8.936659057759813e-07
