0.05699539917734236
0.005093137952758002
0.00020831681028420787
4.03970159773356e-05
1.2337971315595948e-05
5.180225397367838e-06
2.673874533040758e-06
1.5939766635792895e-06
1.060251993493706e-06
7.676689455924117e-07
5.880179819007468e-07
4.664869935645739e-07
3.8047796633697666e-07
3.1846437826104847e-07
2.7291594943500886e-07
2.3875716610599447e-07
2.1253249810073966e-07
1.9178016985627267e-07
1.7477672385211984e-07
1.6041319961822026e-07
1.4803010995556874e-07
1.3724153591063754e-07
1.2780546900525365e-07
1.195453650765853e-07
