647524903.017972
16426588.84193402
4951897.427819306
3705871.35338853
3007006.736238562
2500006.54154774
2095207.9228330932
1765958.6692940332
1493708.7177881012
1264165.687088543
1070142.8457005112
904852.327471978
763691.3928154022
644186.7414093546
543375.9830020083
458735.4810249651
387756.60419989063
328287.4544985503
278457.21819091565
236660.20550795778
201541.39378324736
171938.98233461916
146916.70321014425
125744.50124965631
107804.46537392163
92592.95091602462
79695.52650021188
68767.8572670829
59519.5114752969
51705.13594692912
45114.20718524009
39565.93950548056
34904.29600644239
30990.87308790509
27701.832846275833
24928.81136560722
22577.379032450353
20567.056117940832
18832.795573748983
17324.563963792298
15998.884079376738
14823.729857904162
13782.634857244202
12878.19278217097
12109.811824431967
11471.254415381163
10927.399036916935
10446.849441144646
10015.013343931727
9634.86094591873
9297.526339997337
8995.332438108913
8741.9253360487
8528.892290763744
8365.924726926802
8251.128915593252
8180.282938970241
8154.498160069854
8171.575558954658
8227.50572035475
8322.626178634495
8457.117560350041
8629.6884096508
8840.920407377662
9089.564155054837
9376.237817536245
9700.832453082974
10062.06886504884
10458.694370228824
10892.190966845012
11364.938339812617
11877.277406322528
12429.003609266863
13018.124401514688
13644.496217310243
14304.353332688002
14990.349530746576
15686.502678502022
16368.80089953449
17014.44658268185
17600.052569409087
18103.70467330099
18504.704796908478
18792.36410587325
18958.39825105886
19000.107334606575
18897.12148465729
18640.832253945307
18259.272800621224
17774.23480724919
17180.962004849647
16475.668855060834
15687.202418679022
14843.518486543753
13953.28291944048
13017.679372684253
12045.632625660623
11055.038166939801
10066.686732160722
9100.376292882467
8171.894928706579
7293.10174815424
6471.98003470847
5713.169329891266
5018.544519345186
4388.015210285254
3819.922596619663
3311.9202083900514
2860.618742277498
2462.3505586029487
2113.1360252701047
1808.7016587352234
1544.9292742823964
1317.5434391074791
1123.0108306723744
957.8743105589252
818.6567226054212
702.1116937794685
605.2389208994035
525.3048840898904
459.89316788859355
406.78740861324667
363.9076851533153
329.64587272125715
302.5144332812696
281.16961240405254
264.45236331561915
251.6047656946859
241.7977062726189
234.3319093792364
228.62932866844216
224.2157004215952
220.7003414680269
217.7708229451346
215.18042128363047
212.74205493369567
210.31977224889545
207.79955309063521
205.10322101459707
202.189976284232
199.0102769305285
195.5489821948167
191.8125245301916
187.81860304777285
183.57408827482325
179.10050468012344
174.43233775930736
169.60352024016274
164.63148735437233
159.54250632011878
154.3789281075895
149.22298653647385
144.0390694305282
138.85662185971313
133.69811208295164
128.58639483782844
123.5324692487334
118.56369836227506
113.68994020249413
108.91983572646232
104.2604185000129
99.72575180260914
95.31820673386721
91.03468856011268
86.89129108167269
82.88616126922973
79.01715607394591
75.28681245782727
71.69913305133505
68.25198874616534
64.93538615215522
61.756372849223084
58.714042076969626
55.79474311291699
52.998400577525445
50.32792081408486
47.78451217051144
45.35054108441819
43.02354429067856
40.81049748844303
38.699415128684954
36.683712269339466
34.76082932565683
32.92896873862562
31.19480849994808
29.542419469626076
27.96594902239361
26.463371490937803
25.035932891044162
23.66812728038263
22.354492292831626
21.08759432889288
19.86250608342711
18.678282455884624
17.530452788619975
16.42123603477154
15.360737422226018
14.3544232703469
13.40925168079572
12.519518038215175
11.681517787940487
10.892921540124492
10.151536574093631
9.455195846431668
8.801201634303114
8.188494298022356
7.615299555871452
7.076931602124098
6.571637701826858
6.097623975889858
5.6532171492560455
5.236803449135243
4.84684970080586
4.481905384955233
4.142211239678384
3.8244812087492495
3.5274016386277016
3.2499334258446444
2.9910982787363105
2.7499756095974446
2.525589359325458
2.3169503171613544
2.1232468143959453
1.9436124723902224
1.77726948717114
1.6234740200834505
1.4816143484685096
1.3510355508974714
1.2310556784617435
1.1210198938028646
1.020262231134382
0.9282051889986751
0.8442785026809971
0.7676783003122134
0.6978658897831158
0.6343245009863966
0.5765603842118643
0.5241036390705044
0.4765172973327961
0.4333929977981022
0.3943470225908424
0.3590206962645158
0.32708265803049297
0.29822779822550627
0.2721753689521652
0.24866757908546916
0.22746846269544635
0.20836194621731216
0.1911502429259171
0.1756524457197836
0.1617034091614895
0.14915224902583019
0.1378609904260812
0.12770343148916166
0.11856467322446113
0.11033996075070768
0.10293376937172231
0.09625938685983786
0.09023777605770311
0.08479713494861471
0.0798722406554825
0.0754039226170711
0.07133866430966845
0.06762822888220735
0.06422934142977053
0.0611033085778768
0.058215602375576096
0.05553554848163206
0.053036050446021485
0.05069330386934876
0.04848652466560266
0.04639769533149924
0.044411399439779384
0.042514457035891566
0.04069572036912488
0.038945922378335864
0.03725747611951342
0.035624296129750675
0.034041616004954846
0.032505820236429714
0.0310142778612067
0.029565198022575755
0.0281574637935998
0.026790506521613442
0.025464180293172406
0.02417862105897251
0.02293416291817629
0.02173122897152034
0.02057026204598041
0.019451641123627083
0.01837564441308712
0.017342399168086064
0.016351875478914424
0.015403834608939076
0.014497875469792998
0.013633393408047317
0.0128096219496853
0.012025641990890764
0.011280402809382367
0.010572735216765742
0.009901421101486277
0.009265148245609233
0.008662579163603574
0.00809235639190539
0.007553142129464007
0.00704359131042516
0.006562379851345554
0.006108244527782811
0.0056799327562894655
0.005276285578102984
0.004896127234730731
0.0045384077846025135
0.0042020623477168435
0.0038861045781438722
0.0035895693209434185
0.0033115588475047288
0.0030512109335272585
0.002807723556883948
0.002580260829103243
0.002368142404375247
0.0021705643490972323
0.001986835041317461
0.001816348833982701
0.0016583054683821047
0.0015122344326708541
0.0013774677714057744
0.0012533411804037105
0.0011392765771719797
0.0010347165622577239
0.0009390142183506015
0.000851730479384432
0.000772237537861116
0.0006999125403070584
0.000634341298729272
0.0005751501835343877
0.0005213627511220012
0.000473118708193305
0.0004294696845834314
0.00039025160385209223
0.0003549843252712904
0.0003233635468392742
0.00029487681056076696
0.00026930897952789717
0.00024645366535020814
0.0002259146966327635
0.0002073868745373726
0.0001907363455354786
0.00017595207825991946
0.00016253265011610888
0.00015039493450060722
0.0001395696388595088
0.00012977547569765225
0.00012100645634104718
0.00011311441944809881
0.00010597003344581254
9.956405147462953e-05
9.35749991636922e-05
8.835811133115653e-05
8.378802982541393e-05
7.919705209692842e-05
7.549094146544285e-05
7.181651690986892e-05
6.841750924260306e-05
6.544617629195025e-05
6.278846522643979e-05
6.0100279785468926e-05
5.802003888761013e-05
5.561356130599982e-05
5.3434125502551165e-05
5.168187781347215e-05
4.9763157018532634e-05
4.8027145665165666e-05
4.640160087398162e-05
4.459770526837305e-05
4.2983186323151974e-05
4.1394651470058005e-05
3.983372828122093e-05
3.824939155670524e-05
3.674640225165641e-05
3.5268341017221936e-05
3.404464400948315e-05
3.3085755644558515e-05
3.0891893352889026e-05
2.9499135993080173e-05
2.8139086071552347e-05
2.680393064560089e-05
2.5493054721636217e-05
2.4208930570614045e-05
2.2953811345938397e-05
2.173136335729243e-05
2.0545234427824745e-05
1.9397779187646304e-05
1.8291887099145e-05
1.7229564732774206e-05
1.6213456116039973e-05
1.5241834757151129e-05
1.4318112331441906e-05
1.3440520609687286e-05
1.2609414703268976e-05
1.1821608794019107e-05
1.1081304779931171e-05
1.037833045042523e-05
9.719781016874092e-06
9.09770531462415e-06
8.513844048037122e-06
7.967002017403783e-06
7.449240796204386e-06
6.959206598451612e-06
6.504209080782118e-06
6.07432959171709e-06
5.670089385155297e-06
5.285426856436351e-06
4.9297090493184316e-06
4.597916244961395e-06
4.2745817562621635e-06
3.9749693476821215e-06
3.692591803688422e-06
3.4274170960941987e-06
3.1764992980252265e-06
2.9429561755729322e-06
2.7300254593878986e-06
2.520896352761713e-06
2.3129889967265557e-06
2.1510229582619893e-06
1.972817421114697e-06
1.8096709857360654e-06
1.6682451601259094e-06
1.5244621355108502e-06
1.4148682896410244e-06
1.2771591360707019e-06
1.1796204755842202e-06
1.0863341997040118e-06
9.893910056408123e-07
