386925.07937204815
4965.706799212366
4114.102883584872
3393.2613976742964
2793.433607419154
2295.8442709371907
1884.3247593558144
1545.089571199139
1266.1837479243384
1037.3436420458372
849.8265930824338
696.2555338072614
570.451517429934
467.29917022689295
382.695799865309
313.2978363415825
256.37719309324467
209.70291556410027
171.44876998826763
140.11699703528063
114.47939384715228
93.53422354569237
76.45463536545432
62.56261765471041
51.308970325503594
42.246267038016576
35.01208742940095
29.31250947013691
24.90889655814152
21.607254349737214
19.246491035273632
17.689154488165368
16.81252287618443
16.500300699855224
16.639330344919575
17.118875740715406
17.833842479696184
18.68960782466825
19.60635269682068
20.52220521167594
21.39572075813324
22.20277824175116
22.923743419347858
23.534669514920417
24.00361295035101
24.30189677849142
24.42483021924323
24.39321512392772
24.2362257656675
23.97632712195511
23.627926488232223
23.201176617215033
22.70466180053944
22.15025583844113
21.525099289917325
20.84521555776117
20.10368098054928
19.320986534273363
18.49231491792978
17.64968415752713
16.82525714454934
15.997599940894313
15.188894164928994
14.439763278286177
13.766203155849361
13.181257520896892
12.713264796376146
12.389096469647397
12.2259199211493
12.23021023890781
12.391404580248341
12.695341910691962
13.145152311624628
13.738893056120041
14.494081439313904
15.421929439794562
16.479755552691433
17.586891601503183
18.64075230014712
19.541320470068033
20.21251020372283
20.60607419159091
20.70075422291793
20.49767035216105
20.015042230625998
19.283416936279096
18.340073117693816
17.228427107726247
15.994901725743382
14.685114977365098
13.340502922807255
11.997804724435312
10.688172814192212
9.436695363703965
8.26239887831765
7.178680878009676
6.193701756760518
5.310720714725697
4.528740677839954
3.843572265510173
3.2488788906880273
2.737037087888292
2.29986130626634
1.9290461992667194
1.6165744214413533
1.35486884940569
1.1369384692295361
0.9564565844928262
0.8077934166422229
0.6859975982432893
0.5867470069737306
0.5063027895158784
0.44145200719722083
0.3894442104563601
0.3479508099059867
0.31500418398307994
0.2889491470631615
0.2684017368758437
0.2522130746527229
0.23943430158227508
0.22928979323596493
0.22115262883096035
0.2145210622463238
0.2090007351286494
0.2042806416356011
0.20012107612441218
0.19633926853024405
0.1927981954618256
0.1893987524900638
0.1860677312366125
0.1827539313214926
0.1794227505244578
0.17605189658955395
0.1726292166936345
0.16914943197329907
0.1656120832927438
0.1620200604271326
0.15837344520810917
0.15467653680516746
0.15093660375195667
0.14716058146899738
0.14335754283294647
0.13953745892525887
0.13570995337406017
0.13188191847239744
0.12806123473180983
0.12425560927346821
0.12047180528392364
0.11671580158551816
0.1129934841242478
0.10931052965397758
0.10567168315374574
0.10208147195873792
0.0985438224318821
0.09506198844566109
0.0916386041011269
0.08827588704681569
0.08497636449984677
0.08174220048723654
0.07857578816731033
0.07547887861786334
0.0724540674266071
0.06950256510475655
0.06662550186430458
0.06382400808842614
0.061098071068212974
0.05844888636642041
0.05587749188783287
0.05338458293218872
0.05097092483693581
0.04863608196849284
0.04637987142095138
0.04420211164387554
0.04210224288182725
0.04007965326979561
0.038133091874665404
0.03626107619747168
0.03446185388699743
0.03273346702058743
0.031074108746334553
0.02948154753878701
0.027953814824428398
0.0264885162915866
0.025083419407103374
0.023736183932199763
0.022444215225601177
0.021205045495384166
0.020015774466924496
0.018872774002370002
0.017772159706662037
0.01670991211561751
0.0156806826248613
0.014682414340043382
0.013711092841081905
0.012770422181542413
0.011865515857308636
0.011006699871300275
0.010199822882985802
0.009446769670705171
0.008746268169763986
0.008096032234458655
0.007492643358320578
0.006932782253821099
0.006413231867131272
0.005930495837735241
0.0054818140373997706
0.0050648012761916805
0.0046772659799454485
0.004317217846797867
0.003982735750636504
0.00367206850712515
0.0033835760331534276
0.0031157453258122353
0.002867181326725306
0.002636598754945146
0.0024227644806837814
0.002224593383140963
0.002041076730340233
0.0018712853640745328
0.001714340556541831
0.0015693450307353483
0.0014354066890251043
0.0013118225477037702
0.0011978520317956827
0.0010928512856365692
0.0009962142536245188
0.000907477720200658
0.0008261468326796176
0.0007517190676225204
0.0006837015609985192
0.0006216134022447967
0.0005649875700089248
0.0005133898847546649
0.0004664214571292608
0.00042370938880602766
0.00038490235927120356
0.0003496697803927205
0.0003177008762106336
0.00028871343698898857
0.00026244742336260573
0.00023865989277216967
0.000217125190741234
0.00019763710109896993
0.00018000752225608933
0.00016406452094660105
0.00014965111868280406
0.00013662438533298173
0.00012485398229265132
0.00011422105431825437
0.00010461730352660772
9.59442471091513e-05
8.811226609689063e-05
8.10396567800644e-05
7.465197855536672e-05
6.888174382227663e-05
6.366761991529385e-05
5.895378712691409e-05
5.468974680309756e-05
5.082955039821132e-05
4.7331485494452174e-05
4.415764916974421e-05
4.1273609653728396e-05
3.864821263377636e-05
3.625335166667692e-05
3.4063816851195485e-05
3.205703977659282e-05
3.0212812731450873e-05
2.8513112138711707e-05
2.6941947304664784e-05
2.5485182867140915e-05
2.4130364341182615e-05
2.2866557037911766e-05
2.1684274911481777e-05
2.05751720925338e-05
1.953192373825029e-05
1.8548159964886114e-05
1.7618337451348135e-05
1.6737645598852253e-05
1.5901902767067545e-05
1.510747528025567e-05
1.4351197988143675e-05
1.3630328415486651e-05
1.2942460586618926e-05
1.2285498852607238e-05
1.1657623384683682e-05
1.1057217954449738e-05
1.0482875571653443e-05
9.933346850740972e-06
9.407533182076774e-06
8.90443757961356e-06
8.423169145479626e-06
7.962907548323216e-06
7.522918232916297e-06
7.102479943880643e-06
6.700950347194438e-06
6.317684929407116e-06
5.9520737884477056e-06
5.6035229189019666e-06
5.271449580101394e-06
4.9552635940432636e-06
4.65443609832387e-06
4.368395424126214e-06
4.0965974653746455e-06
3.838505519823985e-06
3.5936252660988705e-06
3.3614444108792656e-06
3.141457265534204e-06
2.933238011546909e-06
2.7362779653307875e-06
2.5501722037767413e-06
2.3744460739778443e-06
2.2087512499892917e-06
2.05265644308747e-06
1.905784551902946e-06
1.7677297913111893e-06
1.6381267670941528e-06
1.5166078679183665e-06
1.4028425916401347e-06
1.2964023623004429e-06
1.1970437954200137e-06
1.1043049115817273e-06
1.0178529436728767e-06
9.374533050361543e-07
8.625681664098117e-07
7.931143882026308e-07
7.287209354129744e-07
6.690075922647648e-07
6.137120909686006e-07
5.625961330711358e-07
5.152940214021674e-07
4.7173105111345234e-07
4.3156497735323607e-07
3.944491731715503e-07
3.6032796309030617e-07
3.291903316788188e-07
3.001704447019618e-07
2.739313750422022e-07
2.4962529042319953e-07
2.2744138478961867e-07
2.071273357188615e-07
1.8863610006463382e-07
1.7161608292615837e-07
1.5607866292488943e-07
1.4202760598054816e-07
1.2918876354161713e-07
1.1737465938378638e-07
1.0660283919419676e-07
9.702826538900816e-08
8.815341481534416e-08
8.000220222511963e-08
7.272079974918148e-08
6.604920465952214e-08
6.006190734931248e-08
5.46487116764418e-08
4.971345855189775e-08
4.529591316230628e-08
4.1081122035126895e-08
3.7483018605891897e-08
3.437967974289927e-08
3.116041405972746e-08
2.8682253100879903e-08
2.6187342317507036e-08
2.3915301973058406e-08
2.1981745609107784e-08
2.028376725833307e-08
1.8617733484551252e-08
1.7306743585605878e-08
1.594819839637785e-08
1.4764376685067621e-08
1.3695664001163745e-08
1.274028973212644e-08
1.1863553527307485e-08
1.1050322948968004e-08
1.0560922299686966e-08
9.627716596198577e-09
9.33254798413219e-09
8.368407436736085e-09
8.01732011451672e-09
7.705777964259605e-09
6.926893706117429e-09
6.3828827608474685e-09
7.29525010739631e-09
5.817095472990987e-09
5.545063626406836e-09
5.2800287376095185e-09
5.024547456493854e-09
4.779098493089128e-09
4.546903798782856e-09
4.32508867221891e-09
4.113892633135452e-09
3.91396085733422e-09
3.7231796582678157e-09
3.5413695091218335e-09
3.3675930957665327e-09
3.2038659697641e-09
3.044399394173347e-09
2.8938204190445006e-09
2.7490389809206064e-09
2.6112396724999695e-09
2.4760302803017015e-09
2.352284683091025e-09
2.226128659366546e-09
2.1104829173305448e-09
1.9961992429543853e-09
1.888554209638981e-09
1.7894753524813295e-09
1.6899328579314027e-09
1.5893849121418962e-09
1.501253220131029e-09
1.4146555130967527e-09
1.3324990748859916e-09
1.24730046878511e-09
1.1748465341767573e-09
1.1117126857047667e-09
1.0369774135791602e-09
9.721090385273329e-10
9.101410038893018e-10
8.523166344578063e-10
7.951273314871231e-10
7.444619592945047e-10
7.070280676022488e-10
6.609210389793005e-10
5.978310636519911e-10
5.840405816782994e-10
5.381922770273962e-10
4.967475658572591e-10
4.712622214381596e-10
4.305581748768164e-10
4.2204902845239447e-10
3.6992186542274966e-10
3.546931450442737e-10
3.369372896042576e-10
3.0376280359673243e-10
