3784845.000032278
4479.755992985331
2381.685089479711
6149.102134450806
11657.530469642483
17358.073267818305
22630.91506109172
27178.45450316997
30852.39633299649
33600.076812888765
35436.947334460776
36424.70497196865
36654.88104908048
36234.00149488697
35274.87784829843
33887.159695137314
32173.778209360553
30227.80775106729
28130.74708958829
25950.40806252339
23744.434782631735
21558.572106279247
19429.06258102762
17383.983392736085
15444.327598920992
13625.113051865965
11936.18376630731
10383.872361615064
8970.498196779576
7696.190700704399
6558.925847753957
5554.786977306185
4678.202818103635
3921.606942098004
3276.1311508262415
2731.6225315741603
2276.8804582518933
1900.1644879243734
1589.7620774242487
1334.4730510906084
1124.0358656045871
949.4552615870716
803.3310675231869
679.9575209250767
575.1593240784837
485.77103826098784
409.13112451119514
343.0274485305278
285.7468385465712
236.05584664558046
193.12815464296298
156.42668046715042
125.60014652691629
100.57429214226721
81.26227341001798
67.61943911200811
59.71202974166579
57.47035647073071
60.74375722397811
69.36830978638558
83.00449133478112
101.26783966624495
123.82742377605959
150.342229246215
180.4248502468726
213.63975338976772
249.37506316168535
286.719185443626
324.4852103551719
361.3499989354379
396.17776207027777
428.2830118592452
457.3398801965766
483.21181693013693
505.79427221901904
524.8818199456224
540.9242822503979
555.3541842807225
569.8608163444633
585.9358374475744
604.1522619381449
624.0148148808303
644.1493442042275
662.5987587074897
677.2288922442917
686.1993010660518
688.0772025464923
682.1241847543577
668.4103429698123
647.5633539415862
620.5133864110023
588.3571153930412
552.2648521462849
513.3721987980105
472.7546306948853
431.43132581745425
390.3402756675927
350.2899835179143
311.92716125151986
275.73430888978965
242.0416747566211
211.0489899923245
182.84898816876532
157.44763127074822
134.7842189554946
114.74733214509423
97.18997038843447
81.94169832553762
68.81613775539824
57.619802914569405
48.15863614299874
40.243051643904
33.69130837957568
28.331735890448748
24.004498728678783
20.562442164834753
17.87124904776439
15.809468040873336
14.268558698136612
13.15241791006479
12.376925328625182
11.869205833419297
11.566663166426416
11.4163240982545
11.373603883050041
11.401741865488178
11.470675668252028
11.556372543811337
11.6401468615265
11.707702250520148
11.748653035173907
11.755886488405046
11.724919717220873
11.653530888287783
11.541327550660252
11.389316250112415
11.199364673810676
10.974168861749925
10.717088349199775
10.43192229722741
10.122553236342242
9.792920711170224
9.446977995808963
9.088530161599133
8.721163611179842
8.348272679588716
7.973062745651423
7.598350335595655
7.226708599424123
6.86040252152925
6.501395067244982
6.151362978304663
5.8117362772842505
5.483591900576837
5.167748698814888
4.864816226020708
4.5752037671790475
4.299146814922812
4.03673519119821
3.7879257180225907
3.5525568136499555
3.3303808539420783
3.1210551632051438
2.9241738070642977
2.739281393841603
2.5658733723041256
2.40343301376159
2.2514225422643137
2.1092928602893743
1.9764951865839864
1.8524692059547831
1.7366654916721245
1.6285540895651869
1.5276228219574497
1.433377458870378
1.3453451636772185
1.263079450963216
1.1861597702845519
1.1141868780921746
1.0467914262405495
0.9836318235573246
0.924394426303289
0.8687896263349622
0.8165531136358571
0.7674427100692058
0.7212378657346834
0.6777364967966564
0.6367526126544789
0.5981134944996315
0.5616617728579582
0.5272523308119006
0.4947446019964983
0.4640230933154998
0.4349750748657728
0.40753437829831557
0.38164594244343997
0.3572798796295661
0.33438649372020524
0.3128994818659632
0.2927412631817264
0.27383231427455473
0.2560918773879111
0.23944402388309333
0.2238174761057274
0.20914432788364246
0.19536359146566265
0.18241954203183544
0.17026061077607196
0.15883887646618813
0.14810975173724936
0.13803208659520674
0.12856769431544465
0.11968115571602421
0.11133955212243092
0.10351220133159064
0.09617044150673623
0.0892874090883212
0.0828378602641344
0.07679805610922594
0.07114553764073091
0.06585879819641234
0.06091733143773892
0.056302141511428795
0.05199484459010418
0.047978181267378135
0.04423570788378441
0.04075212319509749
0.037512494755607334
0.03450239352489893
0.03170798303077193
0.029116019803821558
0.026713850663581843
0.024489470402504824
0.022431525114049413
0.020529225586298095
0.018772343413610414
0.01715119114401723
0.01565660175349264
0.014279950707332298
0.013013110341593477
0.011848407443698162
0.010778610780411287
0.009796927673941434
0.008896983285996647
0.008072797053947936
0.007318763475459704
0.006629635511409811
0.006000504098127979
0.005426780096181995
0.004904177673745317
0.0044286995779647415
0.003996620266212705
0.003604467829243972
0.0032490065498209605
0.0029272304138837604
0.002636345931776424
0.0023737551047735947
0.002137050003678485
0.0019239933905376622
0.0017325012071744963
0.0015606516156941187
0.0014066607506742956
0.0012688728332822254
0.0011457560585599197
0.0010358956545657367
0.0009379844660398602
0.0008508216828555764
0.0007733046167821868
0.0007044230436966012
0.0006432539144559696
0.0005889562498600679
0.0005407661122019403
0.0004979914982112457
0.0004600078508376887
0.0004262531693474176
0.00039622322285931495
0.0003694670132613018
0.0003455823111237015
0.00032421141055424943
0.00030503705718777353
0.0002877786270844547
0.0002721885007400253
0.0002580487848580781
0.00024516822456324764
0.00023337940225413896
0.00022253622993441367
0.00021251162335643366
0.0002031954378801752
0.0001944925791690114
0.00018632131294027274
0.00017861171549371187
0.00017130427383309598
0.0001643485965772698
0.00015770225202683524
0.00015132970843225572
0.0001452013574575728
0.0001392926570097068
0.000133583350839548
0.00012805678214781405
0.0001226992882061418
0.0001174997384574955
0.00011244901644010625
0.00010753973565742327
0.00010276592639696392
9.812284724681254e-05
9.360672346935478e-05
8.921463880855784e-05
8.494453525701116e-05
8.079484637457299e-05
7.67647335219172e-05
7.285369973219186e-05
6.90618808156042e-05
6.538954334691281e-05
6.183728984339435e-05
5.8405784629761236e-05
5.5095825819388614e-05
5.1908140929080944e-05
4.884339629142443e-05
4.590177697936293e-05
4.3083659652863624e-05
4.038844358726489e-05
3.781551228941103e-05
3.536408911161562e-05
3.303202356840768e-05
3.081817441551098e-05
2.8719978007839408e-05
2.6734478476388337e-05
2.485876002306308e-05
2.3089675347663435e-05
2.142333704813257e-05
1.985671069398253e-05
1.8385548209246906e-05
1.700548964651005e-05
1.571322470615258e-05
1.4505556857797984e-05
1.3375631878000151e-05
1.2323325659018505e-05
1.134160320479204e-05
1.042840220165224e-05
9.579492737020962e-06
8.791764181026791e-06
8.060522185948223e-06
7.3831449598481136e-06
6.757051386314927e-06
6.178065589218434e-06
5.642586150105844e-06
5.148437941629379e-06
4.69462060612125e-06
4.275389579927917e-06
3.88895066120626e-06
3.5347813522262596e-06
3.208955435425288e-06
2.910667768086069e-06
2.6374658772986803e-06
2.3870247700830343e-06
2.1586793292506926e-06
1.9472172995694377e-06
1.7573465530847464e-06
1.5869640008544306e-06
1.4248285675800089e-06
1.2857989786773627e-06
1.1544276283450562e-06
1.0347489679840432e-06
9.297434820580197e-07
8.370177258971975e-07
7.477930072182845e-07
6.783360833715626e-07
6.044087975617167e-07
5.391394890087539e-07
4.922945689178689e-07
4.4162559692977507e-07
3.9924919264891905e-07
3.626034042004105e-07
3.1746364637060437e-07
2.95176123106556e-07
2.5917203156320864e-07
2.4489095331452147e-07
2.1933013859957263e-07
1.9673884783951116e-07
1.8715870004813443e-07
1.7728241115307256e-07
1.4577092772583623e-07
6.6102824838808475e-06
5.370825083128264e-06
4.367078110377021e-06
3.5536872747668746e-06
2.8942548398763764e-06
2.35940092213256e-06
1.9255023713488457e-06
1.573406427025591e-06
1.2876007479350596e-06
1.0555583503908562e-06
8.671035181029076e-07
7.139969291899414e-07
5.89515436647223e-07
4.883130719859892e-07
4.059297079495541e-07
3.388369346616171e-07
2.841272728522746e-07
2.39511467421941e-07
2.029837771077361e-07
1.731592175171825e-07
1.4865146782929174e-07
1.285414192783895e-07
1.119540052487643e-07
9.81960152852833e-08
8.681198311226805e-08
7.737771180063709e-08
6.9412714296434e-08
6.271644217096282e-08
5.70296966629131e-08
5.223635741822705e-08
4.8044430711925e-08
4.433626785820928e-08
4.1201104616202135e-08
3.839048180045802e-08
3.589232556843297e-08
3.364230499301991e-08
3.163231217373562e-08
2.9780978864185546e-08
2.7961935226277634e-08
2.6362721534918366e-08
2.5126314319696873e-08
2.3493684765800384e-08
2.227534704114043e-08
2.114673327072999e-08
1.9936400970404456e-08
1.9003109943172603e-08
1.7741757556712606e-08
1.710634667655118e-08
1.609732401859153e-08
1.5156685722213643e-08
1.4522628411419466e-08
