59153.15141145775
45536.819471757895
36841.152256832254
29799.323530925194
24105.9581382828
19501.613793376804
15779.86301075979
12772.104938479213
10341.119061702108
8375.80354803823
6786.485132707791
5500.845968906413
4460.54990226603
3618.5172444290674
2936.746313972635
2384.565381534883
1937.2006303868252
1574.6345112119313
1280.6878707374333
1042.2822870547711
848.8419999200916
691.8160488914098
564.2862812288705
460.6543729087984
376.39206084895784
307.83533985150814
252.0185184748071
206.54154046041913
169.4611885574226
139.20411402760112
114.49638550614924
94.3062222183744
77.79801301264938
64.29510800374683
53.25018166212455
44.221242693010346
36.851566342234534
30.852988224161198
25.991830059308054
22.076857999627624
18.94967996919916
16.47786026897932
14.549368511321033
13.06852449577638
11.953222799395402
11.131672904498787
10.539430343721987
10.119447197529956
9.822858250049457
9.610275608375021
9.449412699962052
9.318803071957793
9.203645805136366
9.090426570211754
8.97790050105605
8.866330438851115
8.750410627488355
8.637109628645339
8.537244458670614
8.449590988740336
8.378288614097507
8.332126464366986
8.314441887551045
8.325589988490195
8.367996724017605
8.448553131692343
8.576836505434176
8.762771609951368
9.014984937461247
9.341022107575796
9.749919178905847
10.253277647554828
10.863971708080921
11.593230016912363
12.44318837557188
13.399857978677092
14.428701728259105
15.468687680902207
16.439752918767116
17.259211131396118
17.856340323875983
18.185283318846835
18.228347804771044
17.99263103307723
17.503960174556006
16.80001631073055
15.925165930868136
14.925223289579979
13.843574361628077
12.719362714569868
11.586442640840682
10.472783617795423
9.40023241754811
8.384743428955106
7.4370138332793125
6.563280843702914
5.766142926029438
5.045425554445209
4.398937672526051
3.823080411431062
3.313322187360635
2.8645682575770257
2.4714772860347862
2.1286615080191997
1.8308615157202444
1.5730681644915268
1.3505921086248416
1.1591135009416136
0.9946926716685208
0.8537764740884981
0.7331940113908717
0.6301407239633026
0.5421538517174798
0.46708458215332105
0.4030653764465283
0.34848221464933804
0.30194495450050585
0.2622595532816997
0.22840420748196638
0.19950448366823642
0.17481506694854446
0.15370168140171622
0.13562434635921866
0.12012551873879948
0.10681530843697433
0.09536398003942237
0.08549172242671249
0.0769617366642973
0.06957410433075799
0.06315889131738607
0.05757247070363907
0.05269343068587805
0.04841893531350004
0.04466195638936409
0.04134883576099067
0.03841686674419651
0.03581251461740795
0.033491598113582405
0.031416545335144416
0.02955518019727093
0.027879572710378032
0.026365601100721905
0.02499247857225089
0.023742172905937418
0.022599266212006038
0.02155045458682628
0.0205842980309616
0.019690556920590272
0.0188604158433393
0.018086163239735626
0.017361006186859585
0.01667900637110517
0.016034970616566287
0.01542430881539784
0.014843137012318403
0.01428818818853065
0.013756731064916317
0.013246445317408395
0.01275536979247495
0.012281827804275633
0.011824393907398662
0.011381800689436727
0.010952995734755173
0.01053706457208425
0.010133206735579008
0.009740794075248931
0.00935923105995361
0.008988009388894236
0.008626692424909361
0.008274880502843123
0.007932301849960709
0.007598727460722899
0.0072739510512229676
0.00695779864250962
0.006650132700066284
0.006350862546098307
0.00605991884852704
0.005777251755882039
0.005502863302368218
0.0052367614991312315
0.004978973125888533
0.004729507829200663
0.004488390110712449
0.004255640489637066
0.004031287901040352
0.0038153652543370534
0.003607895743436962
0.003408916794171899
0.0032185121353346608
0.003036776967315306
0.0028638167112155916
0.002699864471196296
0.0025450243536206843
0.0023995031655663743
0.002263048124196742
0.0021352330140832383
0.00201517711861857
0.0019020557292152385
0.0017951623941987144
0.001693950596881379
0.0015979516403189376
0.0015068139306645344
0.0014202303199227454
0.001337938098032005
0.0012597468132628275
0.0011854634758609263
0.001114901681827666
0.0010478892660805103
0.0009842667846384615
0.0009238929338533994
0.0008666338030900107
0.0008123651584068823
0.000760969208703348
0.000712333062627851
0.0006663475778275517
0.0006229090608194919
0.0005819128136594929
0.0005432558493877815
0.0005068352824062176
0.0004725501456354394
0.0004403093249933517
0.00041002893191979947
0.00038161443969778416
0.00035498358958136595
0.00033004856429707683
0.0003067218592831437
0.0002849049624313766
0.0002645065192743645
0.0002454413629628834
0.00022762944111294955
0.00021099615268450084
0.00019547242102444683
0.00018099223710056611
0.00016749210203958055
0.00015491177991827618
0.0001431946103070097
0.00013228753702005305
0.00012214114132417598
0.00011270785391980112
0.00010394252400462242
9.580306540762405e-05
8.82501462682483e-05
8.124655338034921e-05
7.475702270046419e-05
6.874824864495581e-05
6.318878178700787e-05
5.8048855244154966e-05
5.3300387842053816e-05
4.891693346049598e-05
4.487359996401063e-05
4.114691834237717e-05
3.77148015078362e-05
3.455654490127165e-05
3.1652766424057914e-05
2.898518579494654e-05
2.6536626480165516e-05
2.429104845000615e-05
2.2233232981560346e-05
2.0348913929976253e-05
1.86247914503508e-05
1.704831289952721e-05
1.560772755942783e-05
1.4292105615068521e-05
1.309127086568911e-05
1.1995783890717057e-05
1.09968565069587e-05
1.008631626801178e-05
9.256584386907681e-06
8.500649101656836e-06
7.812034255186082e-06
7.1847683985612865e-06
6.613355137542902e-06
6.0927520598323e-06
5.618324765661785e-06
5.185823638856061e-06
4.7913632717781885e-06
4.431396174267455e-06
4.102688277962844e-06
3.8022949863022936e-06
3.5275388313558746e-06
3.275988356630637e-06
3.045438487206867e-06
2.833891860399576e-06
2.639541976995677e-06
2.460757249999421e-06
2.2960662560520857e-06
2.144144149895765e-06
2.0037999219586937e-06
1.8739644367074812e-06
1.7536794528022747e-06
1.6420870474648898e-06
1.5384199207366493e-06
1.4419917246647224e-06
1.3521892186894592e-06
1.2684630873118536e-06
1.1903215010992007e-06
1.1173226606518168e-06
1.049068728432113e-06
9.852003279298087e-07
9.25392141737732e-07
8.693468574021301e-07
8.167940105768754e-07
7.674854761905424e-07
7.211934399342064e-07
6.777071575574404e-07
6.368330955881302e-07
5.983931666438084e-07
5.622208238874637e-07
5.281656027990799e-07
4.960865274352184e-07
4.6585687768648184e-07
4.373563307273685e-07
4.104774666343738e-07
3.8512037550543047e-07
3.611949756623882e-07
3.3861748475722774e-07
3.173112112243416e-07
2.9720388948592423e-07
2.7823327613830703e-07
2.6033378991375186e-07
2.4345376191377725e-07
2.275406983384343e-07
2.1253995480292385e-07
1.9841543936993282e-07
1.8511168793984574e-07
1.725887055411701e-07
1.6081072051333417e-07
1.4973922174563357e-07
1.3933593932338512e-07
1.295726484007423e-07
1.2040672796444592e-07
1.118118258315869e-07
1.0376620226185557e-07
9.623340767961144e-08
8.917162286093296e-08
8.259834580224514e-08
7.643621370380725e-08
7.070345192858463e-08
6.535562293280718e-08
6.03768198074537e-08
5.57379974187829e-08
5.1434805216407724e-08
4.743865530066123e-08
4.3719779679580565e-08
4.027140043482544e-08
3.708456456846932e-08
3.413532778548215e-08
3.138428428671999e-08
2.885133552106525e-08
2.651801170444118e-08
2.4350542965448488e-08
2.2353721362727037e-08
2.0503174483219572e-08
1.8792750616398308e-08
1.7218028959722708e-08
1.5760574292296248e-08
1.4446901347129916e-08
1.3213471579872191e-08
1.2056495276640401e-08
1.1055720928320385e-08
1.0073415196056933e-08
9.214262526046256e-09
8.438925527290599e-09
7.70821474762067e-09
7.026695308092965e-09
6.4459778539338855e-09
5.846804571023187e-09
5.371132176605978e-09
4.939730138415352e-09
4.476741269429232e-09
4.103694307757747e-09
3.752889089553879e-09
3.4320083384344772e-09
3.197255886769028e-09
2.9012106294094545e-09
2.7048662805433972e-09
2.4550352124557923e-09
2.271870710832972e-09
2.1082605658339786e-09
1.9324767721181107e-09
1.7892571562350054e-09
1.7108309349681036e-09
1.5409468980363969e-09
1.4337992119496392e-09
1.3364132847434363e-09
1.2477690755345579e-09
1.1669529369032158e-09
1.0930712503242075e-09
1.0253611378990278e-09
9.631183476162088e-10
9.056779979619757e-10
8.525170008869455e-10
8.031571129347044e-10
7.572120918555091e-10
7.142266378011942e-10
6.741207762877297e-10
6.364870363612678e-10
6.012216975113246e-10
5.680960851436773e-10
5.37197822973445e-10
5.079439632977696e-10
4.809088182332032e-10
4.553828560235428e-10
4.317023590578481e-10
4.095050704060919e-10
3.8846244871854046e-10
3.6900048830803316e-10
3.5123125059210723e-10
3.34185747370276e-10
3.183281252694207e-10
3.0340227334357833e-10
2.899639367011678e-10
2.7678442541874986e-10
2.6369658596604947e-10
2.5238222960877585e-10
2.413363230970625e-10
2.309447537113737e-10
2.210300298895684e-10
2.118697278223903e-10
2.029975431014086e-10
1.9323462874909127e-10
1.846869101455762e-10
1.7916977563185108e-10
1.688709124558829e-10
1.6212930801322833e-10
1.5584653236810543e-10
1.4829560412560419e-10
1.4318590929951448e-10
1.343622430341542e-10
1.31552555464058e-10
1.2481120280775618e-10
1.1844667286387926e-10
1.1495458789339692e-10
