363232.7394103388
173477.84420401388
8783.622817276226
1268.4894631697607
308.49964838435386
96.10308862505511
34.02628965826325
12.777387638012064
5.831974075196894
3.3189442104798994
2.238581676282778
1.624596236005198
1.1975700472971418
0.8787013377577587
0.6357538462004524
0.4516813031093948
0.31525867828242354
0.2173107095383372
0.14946820838627273
0.10404180459490349
0.07445568239050594
0.05561003589609865
0.04389624346318249
0.03694992787249018
0.03331136764270607
0.03212009296699604
0.03289075142285835
0.035363063617284536
0.03942038397717437
0.045030786504282425
0.052215870867401815
0.061032841043742445
0.07156007155023533
0.08388455668063086
0.09808896354247962
0.11423855358179917
0.13236993120314985
0.15248482147883366
0.1745523592748625
0.19852214061914494
0.22433468772920254
0.251975827208952
0.2814889780907519
0.31298006037329484
0.3466137477250819
0.38259024869870983
0.42111406581447647
0.46236441791914423
0.4924921055885511
0.5272994106758682
0.5532657366934243
0.5889737272140676
0.6468482605766198
0.7095688645298339
0.7718275986245094
0.8303663742143662
0.8836348423410808
0.9313165992652636
0.9733540205150244
1.0094157799097905
1.0388540666306458
1.0608004307614878
1.0742900301650513
1.0783903046171484
1.0723266835469973
1.0555979706143481
1.0280724296024153
0.990054813005918
0.94231548936213
0.8860758014317922
0.8229486326194234
0.7548391166192464
0.6838163000623769
0.6119710097834864
0.5412770881340229
0.4734720456287656
0.40994903366327035
0.3517727957706681
0.29959995204652
0.2537215098491197
0.21411404185589883
0.18050260453866485
0.15242931179580427
0.12931958440933355
0.11054061200630963
0.09544895638201738
0.08342629307491947
0.07390379602710602
0.06637660645428956
0.06041027596742341
0.05564116464715775
0.05177263485907172
0.04856861587619983
0.04584579876626819
0.043465405510912235
0.04132519084954674
0.03935209526940827
0.03747437684764816
0.035794458883987454
0.03391939945469677
0.03247946080371692
0.030560421007963506
0.029395926201143747
0.027388087851242648
0.0265642507771983
0.02442283382679444
0.02402821180410388
0.021699192592019453
0.021847919572075367
0.01926561813391101
0.020108033568325048
0.017199158690434698
0.01894212258306524
0.015638574210653632
0.018579947170835196
0.014760948615857408
0.019039596917599468
0.013444701492084689
0.015699440483337112
0.011120501848786726
0.01203086576199296
0.009413567691864046
0.009488996347425307
0.00872753544899299
0.008304605186036108
0.0078534224987718
0.007446567851211588
0.007065241657673598
0.006710977032419133
0.006380989542714722
0.006073579365845688
0.005786961507417558
0.005519523395287529
0.005269765655335421
0.005036308859089129
0.0048178841815455
0.004613326725301687
0.004421567977269079
0.004241628508264867
0.004072610885369126
0.003913692931578619
0.0037641214012831504
0.0036232060851524805
0.0034903141591461663
0.003364865206594945
0.0032463265898251418
0.0031342091811643012
0.00302806349241604
0.0029274761564877377
0.002832066731081049
0.002741484800034267
0.0026554073495273127
0.0025735363959255423
0.002495403601259166
0.002420900877081607
0.0023498476925971116
0.002282027539164837
0.002217239735737945
0.002155298199156109
0.0020960303076445037
0.0020392758599945965
0.0019848861175735867
0.001932722921512395
0.0018826578786588506
0.0018345716108925602
0.001788353062906492
0.001743898863959302
0.001701112739412845
0.0016599049682785045
0.0016201918832717732
0.0015818954102036849
0.0015449426437770526
0.001509265457099896
0.0014748001423936456
0.0014414870805630217
0.0014092704374306542
0.0013780978845589508
0.0013479203427308412
0.0013186917462500076
0.001290368938099967
0.0012629112318617056
0.0012362805131111
0.0012104404884263611
0.0011853572452092823
0.0011609987898381934
0.0011373349443725219
0.001114337233796676
0.001091978772416657
0.001070166559604981
0.001048908823327033
0.001028219270279439
0.0010080791158504708
0.0009884718760596585
0.0009693773881062659
0.0009507733666005384
0.0009326415237953352
0.0009149665590149327
0.0008977351738949494
0.000880935674699723
0.0008645672796921204
0.0008485998028547063
0.0008329940489546281
0.000817712075493771
0.0008027378254782885
0.0007880791835729072
0.0007737286066831959
0.0007596778642782054
0.0007458983323652662
0.0007324008759616365
0.0007191922273357979
0.0007062681960133729
0.0006936233094132444
0.0006812162386029159
0.000669028603112891
0.0006571062547030492
0.0006454445235224816
0.0006340392380649784
0.0006228867031924996
0.0006119835831015577
0.0006013267398710184
0.0005909131024267664
0.0005807395839934711
0.0005708030360923973
0.0005611002192516026
0.0005516277753915542
0.0005423757356322241
0.0005332808497419438
0.0005243939260857389
0.0005157289048067327
0.0005072803725880978
0.0004990433830441161
0.0004910130414802384
0.0004831841824528633
0.000475516387014422
0.00046803045039199256
0.0004607286968542465
0.00045357695348051847
0.00044659127207868964
0.0004397747563376179
0.0004331213400636911
0.0004266249011097728
0.00042027927342967475
0.00041407834798689127
0.00040801617164835523
0.0004020870084559537
0.00039628536487810637
0.00039060599263804623
0.0003850438812883734
0.0003795942481039658
0.0003742525290897666
0.00036901437257332004
0.0003638756355693045
0.00035883238245410475
0.00035388088521813436
0.00034901762451072175
0.00034423929078803236
0.00033954278500571014
0.0003349252184459177
0.00033038391139486893
0.0003259163904929784
0.0003215203846653091
0.0003171938196083656
0.0003129348108796894
0.00030874165568004684
0.00030461282347000465
0.0003005469455906637
0.00029654280408578733
0.00029259931992712515
0.00028871554086081863
0.0002848906290674826
0.00028112384883731336
0.0002774145544249082
0.0002737621782409167
0.00027016621950907516
0.0002666262334951162
0.000263141821390424
0.0002597126209147819
0.0002563382976760779
0.0002530185373149769
0.0002497530384381027
0.0002465415063356659
0.00024338364746512178
0.00024027916467282026
0.0002372277531182464
0.00023422909686149793
0.00023128286606742093
0.00022838871478065377
0.00022554627921972598
0.00022275055196089558
0.00021999956696094685
0.00021730017211756843
0.0002146519206038725
0.00021205428028994337
0.0002095066614965285
0.0002070084629505367
0.0002045476658295797
0.00020212931597924768
0.00019975880007589084
0.00019743565474538268
0.00019515933673520513
0.0001929292673200264
0.0001907448296812628
0.0001886053743061605
0.00018651022322449103
0.0001844586747568092
0.0001824500083450858
0.00018048348937919976
0.00017855837387174684
0.00017667391284969367
0.00017482935635491174
0.00017302395697805083
0.00017125697288386212
0.00016952767031095935
0.00016783532556327585
0.00016617922652040134
0.00016455867371349244
0.00016297298101862926
0.00016142147602323382
0.00015990350012266838
0.00015841840840037543
0.00015696556934242887
0.00015554436442945902
0.0001541541876467838
0.00015279444494414545
0.00015146455367284295
0.00015016394202351438
0.0001488920484769275
0.00014764832128691426
0.00014643221799728724
0.0001452432050033673
0.00014408075715864876
0.00014294435742671888
0.0001418334965815867
0.00014074767294846837
0.00013968639218613814
0.00013864916710839992
0.00013763551753519395
0.00013664497017544197
0.0001356770585342812
0.00013473132284041602
0.00013380730999238119
0.00013290457351624156
0.00013202267353717704
0.00013116117675459257
0.00013031965642662716
0.00012949769235453306
0.0001286948708674621
0.00012791078481048373
0.0001271450335264184
0.000126397222835362
0.00012566696501345884
0.0001249538787623651
0.00012425758917730947
0.00012357772770722067
0.00012291393211200652
0.00012226584641205122
0.00012163312083377547
0.00012101541174944677
0.00012041238161125961
0.0001198236988821232
0.00011924903796170895
0.0001186880791068862
0.00011814050835168718
0.00011760601741833736
0.0001170816814745827
0.00011656653053137713
0.00011606376674674871
0.00011557324578431316
0.00011509470142974173
0.00011462786025302108
0.00011417243097423525
0.00011372810420599905
0.00011329455604593898
0.00011287145274672741
0.0001124584557063862
0.000112055226657155
0.00011166143286013446
0.00011127675194608119
0.00011090087603620905
0.00011053351487087527
0.0001101743978265569
0.00010982327482396985
0.0001094799162507312
0.00010914411205765781
0.00010881567023376197
0.00010849441484952083
0.000108180183856839
0.00010787282679587346
0.00010757220252240243
0.0001072781770667873
0.00010699062166418297
0.0001067094110081328
0.00010643442174949492
0.00010616553122692172
0.00010590261644291482
0.0001056455532574849
0.00010539421578112115
0.00010514847595471392
0.00010490820328007118
0.00010467326468733264
0.00010444352451564125
0.0001042188445844101
0.00010399908433749268
0.00010378410104622494
0.00010357375005109389
0.00010336788503696684
0.00010316635831950484
0.00010296902115019174
0.00010277572401327294
0.00010258631692359185
0.00010240064971509123
0.00010221766848623204
0.00010203212805478329
0.00010185059995997509
0.0001016723870667538
0.00010149735581033936
0.00010132529078106529
0.00010115601417221328
0.00010098935858039376
0.00010082516773898385
0.00010066329294514938
0.00010050359128868334
0.0001003459243345115
0.0001001901572714833
0.00010003615835479849
9.988379853565824e-05
9.973295121186694e-05
9.958349206483793e-05
9.943529894003116e-05
9.928825176619425e-05
9.914223249412165e-05
9.899712505145747e-05
9.885281530475021e-05
9.87091910270559e-05
9.85661418686843e-05
9.8423559331281e-05
9.828133673820071e-05
9.813936920836663e-05
9.799755362947345e-05
9.785578863043551e-05
9.771397455193322e-05
9.757201341939254e-05
9.742980891411528e-05
9.728726634637527e-05
9.714429262486443e-05
9.700079623228e-05
9.685668719579294e-05
9.671187706164877e-05
9.656627886880295e-05
9.641980712440185e-05
9.62723777793071e-05
9.612390820601765e-05
9.597431717296847e-05
9.582352482811045e-05
9.567145267595187e-05
9.551802355752427e-05
9.536316163627293e-05
9.52067923773148e-05
9.504884253288614e-05
9.488924012869798e-05
9.47279144491598e-05
9.456479602415142e-05
9.439981661891137e-05
9.423290922330721e-05
9.40640080406535e-05
9.389304847930623e-05
9.37199671479489e-05
9.354470184410688e-05
9.336719155186102e-05
9.318737643203027e-05
9.300519782390619e-05
9.282059823555893e-05
9.263352134611189e-05
9.24439119976437e-05
9.225171619865669e-05
9.205688112024412e-05
9.185935509620638e-05
9.165908762431798e-05
9.145602936354709e-05
9.12501321402137e-05
9.104134894523428e-05
9.082963393916664e-05
9.061494245268341e-05
9.039723099066202e-05
9.017645723624703e-05
8.995258005265164e-05
8.972555948910809e-05
8.949535678220439e-05
8.926193436716338e-05
8.902525587411646e-05
8.878528614109474e-05
8.854199121364678e-05
8.829533835600127e-05
8.804529605200935e-05
8.779183401482662e-05
8.753492319238599e-05
8.727453577349929e-05
8.70106451940742e-05
8.674322614559747e-05
8.647225458111482e-05
8.619770772299288e-05
8.591956406764275e-05
8.563780339780986e-05
8.53524067830637e-05
8.506335659433202e-05
8.47706365050514e-05
8.447423150392935e-05
8.417412789768548e-05
8.38703133218736e-05
8.356277674674248e-05
8.325150848440646e-05
8.29365001972858e-05
8.261774490439655e-05
8.229523698772504e-05
8.196897220083282e-05
8.163894767616562e-05
8.130516192792519e-05
8.09676148642347e-05
8.062630778922595e-05
8.028124341097185e-05
7.993242584696516e-05
7.957986063106998e-05
7.922355471742024e-05
7.886351648644524e-05
7.849975575106655e-05
7.813228375747241e-05
7.776111319549295e-05
7.738625819745512e-05
7.700773434369245e-05
7.662555866615917e-05
7.623974965216177e-05
7.58503272434585e-05
7.545731284232046e-05
7.506072931138376e-05
7.46606009738597e-05
7.425695361546496e-05
7.384981448461714e-05
7.343921229103558e-05
7.302517720533886e-05
7.26077408572002e-05
7.218693633422405e-05
7.176279817735676e-05
7.133536237933152e-05
7.090466637974019e-05
7.047074905949612e-05
7.003365073686322e-05
6.959341316242141e-05
6.915007950833217e-05
6.87036943643862e-05
6.825430372858907e-05
6.780195499848736e-05
6.734669695884219e-05
6.688857977489435e-05
6.642765497917628e-05
6.596397545686394e-05
6.549759543868966e-05
6.502857047923254e-05
6.455695744889115e-05
6.408281451542258e-05
6.360620112641079e-05
6.312717799270188e-05
6.264580707280321e-05
6.216215154885546e-05
6.167627581067002e-05
6.118824543345859e-05
6.0698127154377265e-05
6.020598885404501e-05
5.9711899528143356e-05
5.9215929265394954e-05
5.8718149223469874e-05
5.8218631600263386e-05
5.7717449607118046e-05
5.7214677443665324e-05
5.6710390266051915e-05
5.6204664158425054e-05
5.5697576102727696e-05
5.518920394789346e-05
5.467962637551052e-05
5.4168922871418e-05
5.365717368745289e-05
5.3144459809528985e-05
5.263086292395867e-05
5.211646537858112e-05
5.16013501478788e-05
5.108560079851716e-05
5.056930144651526e-05
5.00525367233773e-05
4.9535391735491145e-05
4.901795202550806e-05
4.85003035319375e-05
4.798253254912924e-05
4.746472568669361e-05
4.694696982759013e-05
4.6429352087852795e-05
4.591195977386915e-05
4.539488034009571e-05
4.487820134759406e-05
4.436201041967573e-05
4.384639520189114e-05
4.3331443315058405e-05
4.281724231620988e-05
4.2303879651794187e-05
4.1791442617400346e-05
4.128001831164033e-05
4.076969359626705e-05
4.026055505036665e-05
3.975268892675441e-05
3.9246181113448515e-05
3.874111708534906e-05
3.823758186651444e-05
3.773565998346402e-05
3.723543542911081e-05
3.6736991615624847e-05
3.624041133628168e-05
3.574577672485251e-05
3.525316921319931e-05
3.476266949515322e-05
3.427435748352352e-05
3.3788312274386704e-05
3.3304612107188224e-05
3.2823334329059765e-05
3.234455535651522e-05
3.186835064015402e-05
3.1394794630883526e-05
3.092396074206814e-05
3.0455921320066868e-05
2.9990747607436755e-05
2.9528509714035356e-05
2.906927658434562e-05
2.8613115967184178e-05
2.816009438759151e-05
2.771027711750633e-05
2.7263728148845005e-05
2.6820510166517898e-05
2.6380684524812262e-05
2.5944311220444592e-05
2.551144887250602e-05
2.5082154696154837e-05
2.4656484486417198e-05
2.4234492593568673e-05
2.381623190737926e-05
2.3401753837357915e-05
2.299110829662337e-05
2.2584343686462403e-05
2.21815068821642e-05
2.178264321792017e-05
2.1387796476835898e-05
2.099700887851793e-05
2.0610321068262784e-05
2.022777211110358e-05
1.98493994796313e-05
1.9475239052222562e-05
1.910532510364803e-05
1.8739690302358804e-05
1.8378365707626436e-05
1.8021380765542986e-05
1.766876331000237e-05
1.7320539560658692e-05
1.6976734125700715e-05
1.6637370002165744e-05
1.6302468580764987e-05
1.5972049648268558e-05
1.5646131393934794e-05
1.5324730414498596e-05
1.500786172213757e-05
1.4695538751678737e-05
1.4387773370523525e-05
1.4084575886740385e-05
1.378595506175254e-05
1.3491918120874632e-05
1.3202470765414081e-05
1.291761718679267e-05
1.2637360080002962e-05
1.2361700658773827e-05
1.2090638670680696e-05
1.1824172414136218e-05
1.1562298754890786e-05
1.1305013144109327e-05
1.105230963608785e-05
1.0804180907998748e-05
1.0560618279382142e-05
1.0321611731670727e-05
1.0087149929470672e-05
9.857220241964319e-06
9.631808764263818e-06
9.410900339597243e-06
9.194478582789784e-06
8.982525902119588e-06
8.775023524102386e-06
8.571951516257223e-06
8.373288812486787e-06
8.179013236495283e-06
7.989101527460012e-06
7.803529364653423e-06
7.622271393473062e-06
7.445301249895581e-06
7.272591587720562e-06
7.104114103285027e-06
6.939839562332169e-06
6.779737825825487e-06
6.623777876804137e-06
6.4719278462052075e-06
6.32415503975649e-06
6.180425964501423e-06
6.0407063552643275e-06
5.904961201095687e-06
5.773154771965571e-06
5.645250645356004e-06
5.521211732156712e-06
5.401000303727857e-06
5.2845780175203116e-06
5.17190594376278e-06
5.062944590775592e-06
4.95765393161757e-06
4.855993428950466e-06
4.757922061007334e-06
4.6633983470428575e-06
4.572380371875017e-06
4.484825811083343e-06
4.400691955712524e-06
4.3199357364957675e-06
4.242513747700551e-06
4.168382271565723e-06
4.097497301259743e-06
4.029814564422302e-06
3.965289546012651e-06
3.903877510946969e-06
3.845533526444836e-06
3.790212483812036e-06
3.73786912023459e-06
3.6884580398942308e-06
3.6419337350036485e-06
3.598250606235433e-06
3.557362982996387e-06
3.519225142996597e-06
3.483791332090195e-06
3.4510157828110293e-06
3.4208527333266478e-06
3.3932564456206707e-06
3.3681812232495503e-06
3.3455814289188852e-06
3.3254115014313092e-06
3.307625972409064e-06
3.2921794825032904e-06
3.2790267972338742e-06
3.2681228223682112e-06
3.259422619062615e-06
3.2528814183425265e-06
3.2484546354153394e-06
3.246097883427691e-06
3.245766986787102e-06
3.247417994378568e-06
3.251007191879015e-06
3.256491114101658e-06
3.2638265567615756e-06
3.2729705879094758e-06
3.2838805588586614e-06
3.2965141147500276e-06
3.3108292049504686e-06
3.3267840927641948e-06
3.344337364878395e-06
3.363447940486622e-06
3.384075079904043e-06
3.4061783932122533e-06
3.429717847747567e-06
3.454653776056499e-06
3.4809468831743667e-06
3.5085582531916516e-06
3.5374493563015434e-06
3.567582054552146e-06
3.598918608043275e-06
3.631421680420692e-06
3.6650543438466576e-06
3.699780084424271e-06
3.7355628061193756e-06
3.7723668358508642e-06
3.810156926596076e-06
3.848898261799559e-06
3.888556458490496e-06
3.929097570128797e-06
3.9704880899836024e-06
4.012694953216681e-06
4.05568553932015e-06
4.099427674395578e-06
4.143889632398712e-06
4.189040137273853e-06
4.234848363566686e-06
4.281283938127137e-06
4.32831694040697e-06
4.375917903163226e-06
4.424057813217699e-06
4.472708110936839e-06
4.521840690482067e-06
4.5714278999451105e-06
4.621442540079783e-06
4.6718578643213174e-06
4.722647577590084e-06
4.77378583534404e-06
4.825247242577791e-06
4.877006852238984e-06
4.929040163559645e-06
4.981323120957358e-06
5.033832111588489e-06
5.0865439636964515e-06
5.13943594430526e-06
5.192485757237661e-06
5.245671540292143e-06
5.298971863345514e-06
5.352365724961096e-06
5.405832550442093e-06
5.459352188039385e-06
5.512904907195625e-06
5.566471393910848e-06
5.620032749241088e-06
5.673570484735242e-06
5.727066519863506e-06
5.780503178145558e-06
5.83386318375776e-06
5.887129658057058e-06
5.940286115845638e-06
5.993316461477904e-06
6.046204985495086e-06
6.098936360197112e-06
6.1514956361233044e-06
6.20386823800711e-06
6.25603996094668e-06
6.3079969656790234e-06
6.35972577556553e-06
6.411213271077653e-06
6.462446686989432e-06
6.513413607554451e-06
6.564101961886135e-06
6.614500020266988e-06
6.664596389866741e-06
6.714380009998243e-06
6.763840148230279e-06
6.812966395597965e-06
6.861748662974532e-06
6.910177175793089e-06
6.9582424704608315e-06
7.005935389379171e-06
7.053247077177609e-06
7.100168975776716e-06
7.146692820156046e-06
7.192810634413714e-06
7.238514726647901e-06
7.283797685343854e-06
7.328652374435122e-06
7.373071929410697e-06
7.417049752424582e-06
7.460579508930982e-06
7.503655122086351e-06
7.5462707698226895e-06
7.5884208794043e-06
7.630100124219001e-06
7.671303418456098e-06
7.712025914311085e-06
7.752262996383741e-06
7.792010278377534e-06
7.831263598694801e-06
7.87001901680465e-06
7.90827280813348e-06
7.94602146119246e-06
7.983261673267162e-06
8.019990345608728e-06
8.056204580600115e-06
8.091901677415727e-06
8.127079127907863e-06
8.161734613206148e-06
8.195865999672746e-06
8.229471334970823e-06
8.26254884494962e-06
8.295096929188308e-06
8.32711415775933e-06
8.358599267484503e-06
8.389551159004296e-06
8.419968891581612e-06
8.449851681644692e-06
8.47919889815718e-06
8.508010058815015e-06
8.536284828058296e-06
8.564023012475734e-06
8.591224557896947e-06
8.617889546423827e-06
8.644018192853522e-06
8.669610841713041e-06
8.6946679639858e-06
8.719190154211222e-06
8.743178126737823e-06
8.766632714067576e-06
8.789554862431761e-06
8.811945630048396e-06
8.833806182852956e-06
8.855137793489454e-06
8.875941836666837e-06
8.896219787865555e-06
8.915973219661586e-06
8.93520379910367e-06
8.95391328585701e-06
8.972103528566331e-06
8.989776463148214e-06
9.006934109675276e-06
9.023578570150128e-06
9.03971202594852e-06
9.055336735856486e-06
9.070455032740813e-06
9.085069322224693e-06
9.09918208017896e-06
9.112795849463178e-06
9.125913239601862e-06
9.138536922537003e-06
9.150669632120575e-06
9.16231416128145e-06
9.173473359923324e-06
9.184150132899531e-06
9.194347438832094e-06
9.204068286277525e-06
9.213315734252485e-06
9.222092888626789e-06
9.230402900163164e-06
9.238248964476663e-06
9.24563431805684e-06
9.252562237623158e-06
9.259036039193274e-06
9.265059074510549e-06
9.270634730759967e-06
9.275766428834886e-06
9.280457621103208e-06
9.284711790770916e-06
9.288532449485623e-06
9.291923136144843e-06
9.294887415902348e-06
9.297428878069486e-06
9.29955113466472e-06
9.301257820267037e-06
9.302552588962669e-06
9.303439114174332e-06
9.303921087007778e-06
9.304002214967528e-06
9.303686220748079e-06
9.302976841307904e-06
9.301877826228692e-06
9.3003929367978e-06
9.298525944999107e-06
9.296280632113402e-06
9.293660788084304e-06
9.290670209908866e-06
9.287312700968347e-06
9.28359207013003e-06
9.279512130736414e-06
9.27507669873414e-06
9.270289593441796e-06
9.265154635611303e-06
9.259675645877204e-06
9.253856445688877e-06
9.247700854631478e-06
9.241212691107624e-06
9.234395770351799e-06
9.227253904271592e-06
9.219790900658366e-06
9.212010562640686e-06
9.203916687001273e-06
9.195513064746984e-06
9.186803479408688e-06
9.177791707242854e-06
9.168481515866858e-06
9.158876664100249e-06
9.148980900623279e-06
9.138797964912915e-06
9.12833158468716e-06
9.117585476891224e-06
9.106563346632188e-06
9.095268886378924e-06
9.083705775817196e-06
9.071877681378133e-06
9.059788255214225e-06
9.047441135614884e-06
9.034839945670473e-06
9.021988293559449e-06
9.008889771392445e-06
8.9955479559298e-06
8.981966406858114e-06
8.968148667388756e-06
8.954098263156927e-06
8.939818779591816e-06
8.925313588968225e-06
8.910586105936919e-06
8.895639846606712e-06
8.880478253082766e-06
8.865104753610113e-06
8.84952275119287e-06
8.833735627072232e-06
8.817746740162071e-06
8.801559428241317e-06
8.785177008729422e-06
8.768602776666529e-06
8.751840006913475e-06
8.734891952640595e-06
8.717761845511374e-06
8.700452895674081e-06
8.682968292061179e-06
8.665311201318434e-06
8.647484768135792e-06
8.629492115035125e-06
8.61133634249085e-06
8.593020528267551e-06
8.574547727537433e-06
8.555920973012563e-06
8.537143274884701e-06
8.518217619491687e-06
8.499146971114393e-06
8.479934270448431e-06
8.460582435015473e-06
8.441094358988489e-06
8.421472913767858e-06
8.401726407827442e-06
8.381849475750052e-06
8.361840898141265e-06
8.341707771796224e-06
8.32145340609076e-06
8.301081404593277e-06
8.280594945913993e-06
8.259997028726408e-06
8.239290499631322e-06
8.218478102800246e-06
8.19756250794904e-06
8.176546329769902e-06
8.15543213995062e-06
8.134222475800388e-06
8.112919844119744e-06
8.091526726332514e-06
8.0700455787454e-06
8.048478835303044e-06
8.026828907090096e-06
8.005098183759727e-06
7.983289033036037e-06
7.961403800941412e-06
7.939444811391464e-06
7.917414366575422e-06
7.895314746970808e-06
7.873148209943815e-06
7.850916991379142e-06
7.828623304041985e-06
7.806269338550277e-06
7.783857262544266e-06
7.761389221277227e-06
7.738867336778748e-06
7.716293708923231e-06
7.693670413992349e-06
7.670999506489585e-06
7.648283017407421e-06
7.625522955249349e-06
7.602721306358214e-06
7.579880034114911e-06
7.5570010790444294e-06
7.5340863601187795e-06
7.51113777362851e-06
7.488157193657769e-06
7.465146472383824e-06
7.442107439823592e-06
7.4190419038506495e-06
7.395951651718687e-06
7.372838447526271e-06
7.349704035197879e-06
7.32655013656868e-06
7.303378452222544e-06
7.280190662286811e-06
7.256988425179313e-06
7.233773378602219e-06
7.210547139912961e-06
7.187311305478519e-06
7.16406745135617e-06
7.140817133462838e-06
7.117561887236232e-06
7.094303228164703e-06
7.0710426517701016e-06
7.0477816340542175e-06
7.024521630815015e-06
7.001264079017771e-06
6.978010395586711e-06
6.9547619787247864e-06
6.9315202072459536e-06
6.908286441198142e-06
6.885062021321918e-06
6.861848270341656e-06
6.838646491902462e-06
6.815457971427895e-06
6.79228397611909e-06
6.769125754776391e-06
6.745984538507478e-06
6.722861540244063e-06
6.699757955467486e-06
6.676674961788986e-06
6.653613719675659e-06
6.630575371699742e-06
6.607561044011731e-06
6.584571845181076e-06
6.56160886694664e-06
6.538673184462489e-06
6.515765856124859e-06
6.492887923805013e-06
6.47004041287621e-06
6.447224332892668e-06
6.424440677015246e-06
6.40169042252379e-06
6.378974530862336e-06
6.3562939479993276e-06
6.333649603868412e-06
6.31104241374841e-06
6.2884732766912535e-06
6.265943077780748e-06
6.243452686048787e-06
6.221002956279889e-06
6.198594728307806e-06
6.1762288274247226e-06
6.153906064478672e-06
6.131627236019361e-06
6.1093931243391015e-06
6.087204497947502e-06
6.065062110792877e-06
6.042966703716667e-06
6.02091900354945e-06
5.998919723711287e-06
5.976969564099414e-06
5.955069211537361e-06
5.933219339681435e-06
5.911420608927091e-06
5.889673667152111e-06
5.867979149232966e-06
5.8463376775553085e-06
5.824749862006925e-06
5.803216300067221e-06
5.781737577049554e-06
5.760314266014298e-06
5.7389469280309635e-06
5.717636112595184e-06
5.696382357101097e-06
5.675186187704721e-06
5.6540481186045535e-06
5.632968653132954e-06
5.611948282999568e-06
5.590987489022205e-06
5.57008674080488e-06
5.549246497279002e-06
5.528467206455334e-06
5.507749305853446e-06
5.487093222054607e-06
5.466499371871426e-06
5.445968161408934e-06
5.425499986547345e-06
5.405095233327636e-06
5.384754277828177e-06
5.364477485848202e-06
5.3442652142368745e-06
5.324117809467355e-06
5.30403560909311e-06
5.284018940982814e-06
5.264068123570901e-06
5.2441834665863065e-06
5.2243652703243254e-06
5.204613826229577e-06
5.184929417046347e-06
5.165312316418661e-06
5.145762789953677e-06
5.126281093954087e-06
5.106867476909113e-06
5.087522178846698e-06
5.068245431426505e-06
5.049037458337845e-06
5.0298984751381295e-06
5.010828689580197e-06
4.991828301348282e-06
4.9728975030302215e-06
4.954036478900759e-06
4.935245405889738e-06
4.9165244540067215e-06
4.89787378524562e-06
4.879293554657323e-06
4.860783910299794e-06
4.842344993015819e-06
4.82397693666467e-06
4.8056798682957405e-06
4.787453908479183e-06
4.769299170621582e-06
4.751215761758186e-06
4.733203782637506e-06
4.715263327035508e-06
4.697394483077917e-06
4.679597332410202e-06
4.6618719501950305e-06
4.644218406015738e-06
4.626636763209195e-06
4.609127079403408e-06
4.591689406260673e-06
4.574323789677249e-06
4.557030270109259e-06
4.539808882232401e-06
4.522659655418324e-06
4.505582613496093e-06
4.48857777526918e-06
4.471645153744991e-06
4.45478475713075e-06
4.437996588645534e-06
4.42128064648735e-06
4.4046369231695255e-06
4.3880654076645845e-06
4.371566083027337e-06
4.355138928172808e-06
4.338783916850126e-06
4.322501018929683e-06
4.30629019947774e-06
4.290151418832809e-06
4.274084633405757e-06
4.258089794996695e-06
4.24216685146128e-06
4.22631574624054e-06
4.210536418991976e-06
4.194828804811181e-06
4.179192835561159e-06
4.163628438566116e-06
4.148135537709142e-06
4.132714053098482e-06
4.117363900818074e-06
4.102084993615999e-06
4.0868772406947316e-06
4.07174054745352e-06
4.056674816012997e-06
4.0416799453091986e-06
4.026755830383062e-06
4.011902363593108e-06
3.9971194338451135e-06
3.982406926670856e-06
3.967764724856933e-06
3.953192707743204e-06
3.938690752279966e-06
3.924258731530947e-06
3.909896516902788e-06
3.8956039757878255e-06
3.8813809736036864e-06
3.8672273725926145e-06
3.853143032567833e-06
3.839127810648051e-06
3.825181561447503e-06
3.811304136747956e-06
3.797495386098516e-06
3.783755156723593e-06
3.770083293379404e-06
3.7564796385252015e-06
3.7429440321719966e-06
3.7294763122196383e-06
3.7160763143430718e-06
3.702743872106722e-06
3.6894788170161272e-06
3.6762809785029924e-06
3.6631501839246154e-06
3.6500862585498314e-06
3.6370890261865726e-06
3.624158308298661e-06
3.611293924580365e-06
3.598495693137484e-06
3.5857634302503806e-06
3.5730969503173382e-06
3.560496066112854e-06
3.5479605891191337e-06
3.5354903286419573e-06
3.52308509285301e-06
3.51074468823425e-06
3.498468919809721e-06
3.48625759129235e-06
3.4741105045728783e-06
3.4620274606974394e-06
3.450008259022939e-06
3.438052697690548e-06
3.4261605735310697e-06
3.4143316822939323e-06
3.4025658183937023e-06
3.390862774970039e-06
3.3792223443930126e-06
3.3676443172633873e-06
3.3561284839960595e-06
3.3446746331633483e-06
3.3332825528080967e-06
3.3219520298662268e-06
3.3106828502306667e-06
3.299474798881158e-06
3.2883276601795815e-06
3.277241217219351e-06
3.2662152524844084e-06
3.255249547822804e-06
3.2443438837476815e-06
3.2334980407921034e-06
3.222711797941031e-06
3.2119849342394402e-06
3.2013172274872964e-06
3.1907084551522263e-06
3.1801583940572464e-06
3.1696668203297794e-06
3.15923350953007e-06
3.1488582366721263e-06
3.1385407765019693e-06
3.1282809027257833e-06
3.118078389270298e-06
3.1079360779448553e-06
3.097848045286777e-06
3.0878161177066595e-06
3.07784005629848e-06
3.067919904979322e-06
3.058055561437941e-06
3.048246887730744e-06
3.038493708261382e-06
3.028795825385441e-06
3.0191530266347117e-06
3.009565090117289e-06
3.0000317884034848e-06
2.990552890195971e-06
2.9811281623800895e-06
2.9717573709269156e-06
2.9624402808324854e-06
2.953176657648447e-06
2.9439662666371474e-06
2.93480887347883e-06
2.9257042445635183e-06
2.916652146012121e-06
2.9076523450604997e-06
2.8987046088267512e-06
2.88980870504127e-06
2.8809644016325214e-06
2.872171466941576e-06
2.863429669411951e-06
2.85473877787648e-06
2.8460985613678638e-06
2.8375087889306775e-06
2.8289692299894874e-06
2.820479654133391e-06
2.8120398309925356e-06
2.803649530394937e-06
2.7953085223476024e-06
2.7870165771326806e-06
2.7787734648170864e-06
2.7705789560294807e-06
2.7624328212868036e-06
2.754334831417612e-06
2.7462847574768338e-06
2.7382823706428653e-06
2.730327442079126e-06
2.72241974356156e-06
2.714559046839878e-06
2.706745123817411e-06
2.6989777471318887e-06
2.6912566888619043e-06
2.683581722025709e-06
2.6759526198272425e-06
2.668369155516406e-06
2.6608311028695653e-06
2.6533382357097124e-06
2.6458903285546838e-06
2.6384871559579836e-06
2.631128492948578e-06
2.6238141150370728e-06
2.616543797764828e-06
2.609317317266815e-06
2.6021344503474574e-06
2.5949949735235418e-06
2.587898664359257e-06
2.580845300557084e-06
2.573834660253284e-06
2.566866522020659e-06
2.559940664860144e-06
2.5530568684561183e-06
2.546214912561886e-06
2.5394145775611365e-06
2.532655644523845e-06
2.5259378947174753e-06
2.5192611098452495e-06
2.512625072486898e-06
2.5060295654529668e-06
2.499474372009663e-06
2.492959276044726e-06
2.4864840618303196e-06
2.480048514497176e-06
2.473652419359195e-06
2.4672955624326355e-06
2.4609777301643597e-06
2.4546987095626665e-06
2.4484582883364227e-06
2.4422562546878503e-06
2.436092397257506e-06
2.4299665053923948e-06
2.4238783689071897e-06
2.417827778235605e-06
2.4118145244052973e-06
2.4058383990426015e-06
2.3998991942347344e-06
2.393996702870162e-06
2.388130718361302e-06
2.382301034437015e-06
2.3765074459223857e-06
2.3707497478469768e-06
2.365027736013116e-06
2.3593412068306723e-06
2.353689957337367e-06
2.348073785115115e-06
2.3424924884291313e-06
2.336945866136979e-06
2.3314337178256026e-06
2.3259558434418283e-06
2.320512043866244e-06
2.3151021205187193e-06
2.3097258754002998e-06
2.304383111017351e-06
2.29907363099945e-06
2.2937972390079115e-06
2.288553739960311e-06
2.2833429388152577e-06
2.2781646415965746e-06
2.273018654811693e-06
2.2679047856348586e-06
2.262822842144759e-06
2.2577726326864398e-06
2.2527539664145417e-06
2.2477666532248686e-06
2.2428105035956806e-06
2.237885328708133e-06
2.2329909405037523e-06
2.228127151340003e-06
2.223293774320371e-06
2.2184906234796845e-06
2.2137175131365082e-06
2.2089742585597265e-06
2.204260675615017e-06
2.199576580752636e-06
2.1949217912170385e-06
2.1902961247906294e-06
2.1856994002179895e-06
2.1811314364341542e-06
2.1765920535436134e-06
2.172081072056935e-06
2.167598313116378e-06
2.1631435989901083e-06
2.1587167518608032e-06
2.154317595296576e-06
2.149945953162106e-06
2.1456016501286847e-06
2.1412845115161395e-06
2.136994363364614e-06
2.1327310323956095e-06
2.1284943458571492e-06
2.1242841319356244e-06
2.120100219304988e-06
2.115942437259998e-06
2.111810616176917e-06
2.107704586681468e-06
2.1036241802187925e-06
2.099569228930054e-06
2.095539565786558e-06
2.091535024186338e-06
2.087555438155788e-06
2.0836006429503793e-06
2.0796704737823917e-06
2.0757647670957345e-06
2.0718833597496427e-06
2.068026089204751e-06
2.0641927939823114e-06
2.0603833129044176e-06
2.0565974854870664e-06
2.0528351523637025e-06
2.0490961541259523e-06
2.0453803327414377e-06
2.041687530481702e-06
2.0380175903011633e-06
2.0343703559789144e-06
2.0307456718527335e-06
2.0271433829686373e-06
2.023563335087361e-06
2.02000537457473e-06
2.0164693484763873e-06
2.01295510462005e-06
2.0094624913951646e-06
2.005991357847332e-06
2.0025415537505264e-06
1.9991129294969994e-06
1.9957053362258805e-06
1.99231862572895e-06
1.9889526504118964e-06
1.9856072633522677e-06
1.982282318272078e-06
1.9789776697074138e-06
1.975693172703245e-06
1.9724286829775726e-06
1.9691840569592876e-06
1.9659591517250624e-06
1.96275382503424e-06
1.959567935221562e-06
1.956401341486839e-06
1.9532539033092278e-06
1.950125481164954e-06
1.9470159362340313e-06
1.9439251299532396e-06
1.940852924711899e-06
1.937799183569832e-06
1.9347637700708168e-06
1.9317465485873656e-06
1.9287473839000825e-06
1.925766141749714e-06
1.9228026882360635e-06
1.919856890336041e-06
1.916928615442195e-06
1.914017731663744e-06
1.9111241080200853e-06
1.9082476137818584e-06
1.9053881190058403e-06
1.9025454944960067e-06
1.8997196114990941e-06
1.8969103420929198e-06
1.8941175588675072e-06
1.8913411350248086e-06
1.8885809445565476e-06
1.8858368618886625e-06
1.8831087621717711e-06
1.8803965212465527e-06
1.8777000154538227e-06
1.8750191217872702e-06
1.8723537178894576e-06
1.8697036822342219e-06
1.8670688934770265e-06
1.8644492312118311e-06
1.8618445755825195e-06
1.8592548073553513e-06
1.8566798078572266e-06
1.8541194591556524e-06
1.8515736437214334e-06
1.849042244848164e-06
1.8465251462797493e-06
1.8440222325851524e-06
1.8415333887102387e-06
1.8390585002998968e-06
1.8365974535937378e-06
1.8341501354986201e-06
1.8317164333985711e-06
1.8292962355391375e-06
1.8268894303489151e-06
1.824495907152692e-06
1.822115555962111e-06
1.8197482669748365e-06
1.8173939314294534e-06
1.815052440861569e-06
1.812723687648687e-06
1.810407564406734e-06
1.8081039647269405e-06
1.805812782467412e-06
1.8035339122516969e-06
1.801267249361601e-06
1.799012689345113e-06
1.7967701287032605e-06
1.7945394643221732e-06
1.792320593568373e-06
1.790113414695026e-06
1.787917826198387e-06
1.7857337273824957e-06
1.783561017974416e-06
1.7813995983237072e-06
1.7792493695402705e-06
1.7771102328310231e-06
1.7749820906091922e-06
1.7728648451577803e-06
1.7707583999473151e-06
1.7686626585286635e-06
1.7665775253497287e-06
1.7645029052686817e-06
1.7624387037720523e-06
1.7603848267546144e-06
1.7583411808099656e-06
1.756307672975579e-06
1.7542842109966374e-06
1.752270703083847e-06
1.7502670579190155e-06
1.7482731848022926e-06
1.7462889936626446e-06
1.7443143947289065e-06
1.7423492991157424e-06
1.7403936180879348e-06
1.7384472639739254e-06
1.7365101489756064e-06
1.7345821864536603e-06
1.7326632898219066e-06
1.730753373368933e-06
1.7288523517549485e-06
1.7269601401289264e-06
1.7250766542556822e-06
1.723201810543205e-06
1.721335525600644e-06
1.7194777168663873e-06
1.7176283021169717e-06
1.7157871997599412e-06
1.7139543286904167e-06
1.7121296082750438e-06
1.710312958380981e-06
1.7085042996495227e-06
1.7067035527640812e-06
1.7049106393301198e-06
1.7031254812650197e-06
1.7013480010605716e-06
1.6995781216827826e-06
1.6978157666825545e-06
1.6960608599787738e-06
1.6943133260443353e-06
1.692573089872199e-06
1.6908400771397126e-06
1.6891142135837813e-06
1.68739542581155e-06
1.6856836407719883e-06
1.6839787858898643e-06
1.6822807892534732e-06
1.680589579145247e-06
1.6789050845924214e-06
1.677227235014893e-06
1.6755559603352876e-06
1.6738911909528318e-06
1.6722328575627868e-06
1.6705808917465604e-06
1.6689352252080296e-06
1.6672957901672135e-06
1.6656625196738627e-06
1.6640353466728334e-06
1.6624142050646213e-06
1.6607990289310844e-06
1.6591897530504556e-06
1.6575863124361022e-06
1.6559886427417976e-06
1.6543966798881275e-06
1.6528103605413487e-06
1.6512296215956979e-06
1.6496544005648795e-06
1.6480846352140135e-06
1.6465202639508027e-06
1.6449612255461499e-06
1.6434074592818467e-06
1.641858904680191e-06
1.6403155021634434e-06
1.6387771920787168e-06
1.6372439155797127e-06
1.635715614119364e-06
1.6341922295798525e-06
1.6326737043339831e-06
1.6311599811792336e-06
1.6296510032994815e-06
1.6281467145212577e-06
1.6266470587290817e-06
1.6251519805845821e-06
1.6236614250284234e-06
1.622175337425686e-06
1.6206936635331399e-06
1.619216349642615e-06
1.6177433423811846e-06
1.6162745889264072e-06
1.6148100366565257e-06
1.6133496336113308e-06
1.6118933280117281e-06
1.61044106863151e-06
1.60899280467624e-06
1.6075484856717762e-06
1.6061080616311593e-06
1.6046714829025369e-06
1.6032387002896776e-06
1.6018096650861855e-06
1.600384328733857e-06
1.5989626433539157e-06
1.5975445613109597e-06
1.596130035448433e-06
1.5947190188922144e-06
1.5933114651933849e-06
1.591907328524018e-06
1.5905065629539566e-06
1.5891091235517686e-06
1.5877149653093653e-06
1.5863240438038063e-06
1.584936314910432e-06
1.5835517349994263e-06
1.5821702606607952e-06
1.5807918490211055e-06
1.579416457469613e-06
1.5780440438887906e-06
1.5766745664309743e-06
1.5753079835536201e-06
1.573944254349372e-06
1.5725833380436752e-06
1.5712251942430034e-06
1.5698697831239732e-06
1.5685170648857654e-06
1.567167000437411e-06
1.565819550857259e-06
1.564474677546551e-06
1.5631323423987157e-06
1.5617925076099417e-06
1.5604551357091702e-06
1.5591201895182079e-06
1.557787632361336e-06
1.5564574277734278e-06
1.55512953974201e-06
1.55380393246342e-06
1.5524805706365304e-06
1.5511594190820823e-06
1.5498404433050384e-06
1.5485236088996788e-06
1.5472088816734218e-06
1.5458962281251677e-06
1.5445856148108019e-06
1.5432770086996405e-06
1.5419703771216166e-06
1.5406656876997295e-06
1.5393629084671772e-06
1.538062007483275e-06
1.536762953663767e-06
1.535465715703371e-06
1.5341702629030337e-06
1.5328765648361124e-06
1.5315845913996225e-06
1.5302943127093186e-06
1.529005699447688e-06
1.52771872219579e-06
1.5264333521889724e-06
1.5251495609779919e-06
1.5238673200345481e-06
1.5225866016863208e-06
1.5213073780332952e-06
1.5200296218134956e-06
1.5187533060331215e-06
1.5174784038435432e-06
1.516204888831582e-06
1.5149327348093049e-06
1.5136619159359719e-06
1.5123924065048576e-06
1.5111241813923353e-06
1.5098572154731681e-06
1.5085914839855867e-06
1.5073269626430288e-06
1.506063627081611e-06
1.504801453641533e-06
1.5035404185123715e-06
1.5022804986113115e-06
1.5010216706801843e-06
1.4997639120648465e-06
1.4985072001665656e-06
1.4972515128659293e-06
1.495996828143377e-06
1.494743124216227e-06
1.493490379919233e-06
1.4922385737995997e-06
1.4909876851254525e-06
1.4897376931908134e-06
1.4884885776943053e-06
1.4872403183994972e-06
1.4859928955922221e-06
1.4847462893984469e-06
1.4835004807599115e-06
1.4822554504137313e-06
1.4810111794903614e-06
1.4797676493972558e-06
1.4785248418197391e-06
1.4772827385945859e-06
1.4760413218312993e-06
1.4748005739570485e-06
1.4735604774929559e-06
1.4723210152566484e-06
1.4710821705467641e-06
1.4698439264735054e-06
1.4686062666040222e-06
1.467369174719331e-06
1.4661326349513404e-06
1.4648966313878372e-06
1.4636611485148113e-06
1.4624261711568548e-06
1.4611916841229394e-06
1.4599576725498213e-06
1.4587241217720458e-06
1.4574910175242168e-06
1.4562583454738433e-06
1.4550260916344903e-06
1.4537942422301224e-06
1.45256278372643e-06
1.451331702811001e-06
1.4501009863145788e-06
1.4488706212460248e-06
1.4476405949878124e-06
1.446410895024928e-06
1.4451815090106041e-06
1.4439524247669973e-06
1.4427236305595863e-06
1.441495114497082e-06
1.4402668651845253e-06
1.4390388713046733e-06
1.4378111216710873e-06
1.4365836054014272e-06
1.4353563118395802e-06
1.434129230324204e-06
1.4329023504855946e-06
1.4316756623029208e-06
1.430449155654102e-06
1.4292228208346396e-06
1.4279966482932964e-06
1.4267706284009532e-06
1.4255447520757676e-06
1.4243190102492778e-06
1.42309339387127e-06
1.4218678944868026e-06
1.4206425033198955e-06
1.4194172121073145e-06
1.4181920126870204e-06
1.4169668969659057e-06
1.415741857155846e-06
1.4145168854709092e-06
1.4132919745016146e-06
1.4120671168363543e-06
1.4108423052290095e-06
1.4096175327924672e-06
1.4083927924750606e-06
1.4071680776968724e-06
1.4059433819596871e-06
1.4047186986595491e-06
1.4034940217386208e-06
1.4022693449811382e-06
1.401044662588488e-06
1.3998199686521547e-06
1.3985952576361479e-06
1.3973705240072338e-06
1.3961457624134671e-06
1.394920967736118e-06
1.3936961348393483e-06
1.3924712588377774e-06
1.3912463349900628e-06
1.3900213586519102e-06
1.3887963254653585e-06
1.387571230863471e-06
1.3863460707629099e-06
1.3851208411350725e-06
1.3838955379423468e-06
1.3826701575041684e-06
1.3814446959881622e-06
1.3802191499691764e-06
1.3789935160431288e-06
1.3777677908050777e-06
1.3765419711294836e-06
1.3753160540844792e-06
1.374090036662381e-06
1.3728639161235059e-06
1.371637689808763e-06
1.3704113550949986e-06
1.369184909720921e-06
1.3679583511902833e-06
1.366731677420453e-06
1.365504886283363e-06
1.36427797584237e-06
1.3630509442115105e-06
1.3618237897612031e-06
1.3605965108020957e-06
1.3593691057507851e-06
1.3581415732986273e-06
1.3569139121436224e-06
1.3556861209781132e-06
1.3544581988900543e-06
1.353230144784483e-06
1.352001957772189e-06
1.3507736370684094e-06
1.3495451820927348e-06
1.348316592095625e-06
1.3470878668079687e-06
1.3458590057137019e-06
1.3446300085123696e-06
1.3434008750262915e-06
1.3421716052296807e-06
1.340942199050992e-06
1.339712656612115e-06
1.3384829780948455e-06
1.3372531636400273e-06
1.3360232138405172e-06
1.334793128804448e-06
1.3335629094793767e-06
1.3323325561181616e-06
1.3311020696575994e-06
1.3298714507065684e-06
1.3286407001964434e-06
1.3274098192089674e-06
1.3261788085390176e-06
1.3249476694213636e-06
1.3237164030364894e-06
1.3224850106247216e-06
1.3212534935148475e-06
1.320021853133063e-06
1.3187900909829227e-06
1.317558208645833e-06
1.3163262076306765e-06
1.3150940899246686e-06
1.313861856999717e-06
1.3126295108134837e-06
1.3113970533260226e-06
1.3101644864220465e-06
1.3089318122684526e-06
1.3076990328918212e-06
1.3064661504577643e-06
1.305233167268163e-06
1.3040000857146348e-06
1.3027669079118983e-06
1.3015336365923276e-06
1.3003002739763098e-06
1.2990668228973375e-06
1.2978332856116343e-06
1.2965996650688989e-06
1.2953659639567244e-06
1.294132184973544e-06
1.2928983309846233e-06
1.2916644048844774e-06
1.2904304095940272e-06
1.2891963481084725e-06
1.2879622236265728e-06
1.2867280389131495e-06
1.2854937974649763e-06
1.2842595022567052e-06
1.283025156694248e-06
1.28179076393786e-06
1.280556327373614e-06
1.2793218504336237e-06
1.2780873365134393e-06
1.276852789147948e-06
1.27561821173823e-06
1.2743836079440516e-06
1.2731489813408728e-06
1.271914335591061e-06
1.2706796744071687e-06
1.2694450014402667e-06
1.2682103205804458e-06
1.266975635505342e-06
1.2657409500984084e-06
1.264506268326948e-06
1.2632715940015479e-06
1.2620369311569704e-06
1.260802283737452e-06
1.259567655792598e-06
1.2583330513771868e-06
1.2570984745185252e-06
1.25586392946e-06
1.2546294202244775e-06
1.253394951166435e-06
1.252160526361488e-06
1.2509261500771445e-06
1.2496918265887104e-06
1.2484575601653908e-06
1.2472233552084853e-06
1.2459892160738245e-06
1.244755147090287e-06
1.2435211527408342e-06
1.2422872373163333e-06
1.2410534054463179e-06
1.2398196615000449e-06
1.2385860100611123e-06
1.237352455523227e-06
1.2361190025788454e-06
1.234885655716601e-06
1.2336524195871461e-06
1.2324192987035949e-06
1.2311862978270651e-06
1.2299534214516238e-06
1.2287206744480718e-06
1.2274880612974529e-06
1.2262555868007683e-06
1.2250232556780745e-06
1.2237910726841395e-06
1.222559042517145e-06
1.221327169939599e-06
1.2200954598020895e-06
1.2188639168513393e-06
1.2176325458439364e-06
1.216401351827174e-06
1.2151703393033266e-06
1.213939513392428e-06
1.212708878784764e-06
1.2114784404604726e-06
1.2102482031319026e-06
1.209018171941132e-06
1.2077883514960624e-06
1.2065587469980262e-06
1.2053293631598267e-06
1.204100204953021e-06
1.2028712773536488e-06
1.2016425852093252e-06
1.2004141335822791e-06
1.1991859272939736e-06
1.1979579714446511e-06
1.196730270867047e-06
1.1955028306877223e-06
1.1942756556324338e-06
1.193048750914365e-06
1.191822121371129e-06
1.1905957720289944e-06
1.1893697078724684e-06
1.1881439339147345e-06
1.1869184550611979e-06
1.1856932763984042e-06
1.1844684029027266e-06
1.183243839517199e-06
1.182019591249991e-06
1.1807956630834266e-06
1.1795720600953236e-06
1.1783487871140206e-06
1.1771258493159712e-06
1.1759032514727273e-06
1.1746809988577982e-06
1.1734590961698093e-06
1.1722375485138667e-06
1.1710163609248047e-06
1.1697955383232626e-06
1.1685750855660097e-06
1.1673550077917327e-06
1.1661353098496755e-06
1.1649159967947296e-06
1.1636970734445445e-06
1.1624785449409047e-06
1.1612604160314749e-06
1.1600426917337472e-06
1.1588253770088122e-06
1.1576084766601624e-06
1.156391995769926e-06
1.1551759390867313e-06
1.1539603116607609e-06
1.1527451181837585e-06
1.1515303637744308e-06
1.1503160530907629e-06
1.1491021911596326e-06
1.1478887827551877e-06
1.1466758327471967e-06
1.1454633459578166e-06
1.1442513272170422e-06
1.1430397813978873e-06
1.1418287132704505e-06
1.1406181276016724e-06
1.1394080292116075e-06
1.1381984228334744e-06
1.136989313293726e-06
1.1357807053648745e-06
1.134572603655346e-06
1.1333650129488136e-06
1.132157938004437e-06
1.1309513835783113e-06
1.129745354202791e-06
1.128539854702795e-06
1.1273348896105162e-06
1.126130463619207e-06
1.1249265814547711e-06
1.1237232476424502e-06
1.1225204668340735e-06
1.1213182435434936e-06
1.120116582475808e-06
1.1189154880665923e-06
1.1177149650223315e-06
1.116515017732535e-06
1.1153156507587191e-06
1.1141168686451994e-06
1.1129186758061713e-06
1.111721076795294e-06
1.1105240760632211e-06
1.1093276779429239e-06
1.108131886991306e-06
1.106936707507397e-06
1.105742143944801e-06
1.1045482006923532e-06
1.103354881988304e-06
1.102162192346685e-06
1.100970135915702e-06
1.0997787171945603e-06
1.098587940254009e-06
1.0973978095316447e-06
1.0962083292048511e-06
1.095019503522965e-06
1.0938313366413066e-06
1.092643832892561e-06
1.0914569963036087e-06
1.090270831167723e-06
1.089085341476819e-06
1.0879005314659e-06
1.0867164051696834e-06
1.0855329667679048e-06
1.0843502201765458e-06
1.0831681696205271e-06
1.0819868189935635e-06
1.0808061723019652e-06
1.0796262336483114e-06
1.078447006794184e-06
1.0772684959423007e-06
1.0760907048211715e-06
1.0749136374244862e-06
1.073737297610746e-06
1.0725616892618723e-06
1.0713868162444093e-06
1.070212682289081e-06
1.0690392913778345e-06
1.0678666470925206e-06
1.0666947533208322e-06
1.0655236137363916e-06
1.0643532321876084e-06
1.0631836122008344e-06
1.0620147576235395e-06
1.060846671942584e-06
1.0596793589803065e-06
1.0585128222675343e-06
1.0573470653842114e-06
1.0561820919265449e-06
1.0550179054096917e-06
1.0538545094026604e-06
1.0526919073743512e-06
1.05153010295707e-06
1.05036909945833e-06
1.0492089003671574e-06
1.0480495091923356e-06
1.0468909291818236e-06
1.0457331638477763e-06
1.0445762164752537e-06
1.0434200904594873e-06
1.0422647890777301e-06
1.0411103156344454e-06
1.0399566733868362e-06
1.0388038655868804e-06
1.0376518955066343e-06
1.0365007663719463e-06
1.0353504811928697e-06
1.0342010433413704e-06
1.0330524558621249e-06
1.0319047218903177e-06
1.0307578444839126e-06
1.0296118267921905e-06
1.0284666718586941e-06
1.0273223825714448e-06
1.026178962177633e-06
1.02503641339066e-06
1.0238947394261848e-06
1.0227539430828507e-06
1.021614027257818e-06
1.0204749949952528e-06
1.0193368490112542e-06
1.0181995922927878e-06
1.0170632275064305e-06
1.0159277576646133e-06
1.0147931853487003e-06
1.0136595134682903e-06
1.0125267446904918e-06
1.0113948817578642e-06
1.0102639273500404e-06
1.0091338841621154e-06
1.0080047549239215e-06
1.0068765421395109e-06
1.0057492484510517e-06
1.0046228765255863e-06
1.003497428752537e-06
1.0023729078884776e-06
1.0012493162408407e-06
1.00012665651881e-06
9.99004931078289e-07
