1.2164191713900743
0.5967653636009429
0.07027753680637457
0.019777248269950597
0.008345796729066312
0.004315301239639888
0.0026184824280837283
0.0017912124848539297
0.0013335703323763416
0.0010512200799087357
0.0008823426340135841
0.0007783310739060809
0.0007062418784623474
0.0006511896660437182
0.0006063874955091665
0.0005683865478422729
0.0005353006566538089
0.0005059953412961851
0.0004798536999198824
0.0004565160769853569
0.000435736913025241
0.00041735693165042523
0.00040126971265111227
0.00038740302980998573
0.0003757089756838869
0.0003661592502970837
0.00035874331586712024
0.00035343257524624006
0.00035027148514649533
0.0003493139179695874
0.0003506152163335058
0.00035424837390626905
0.00036029822754649515
0.0003688592028082061
0.0003800309353770497
0.0003939131852003235
0.0004106006887653886
0.0004301789227305351
0.0004527219505248802
0.00047829341937745065
0.0005069133207515019
0.0005386596865803534
0.0005736129399570385
0.0006118620898596743
0.0006535197482017357
0.0006987207525185942
0.0007476149605252252
0.0008003552737324757
0.000857089385346018
0.0009181940894022434
0.000983169692866719
0.0010510637804392149
0.0011204168024556457
0.001189258607533457
0.0012571379303190275
0.001324141696376171
0.0013902736198605219
0.0014552968119014285
0.0015186353725442075
0.0015793219788577605
0.0016361063813162737
0.0016875377384501496
0.0017320586423844979
0.001768110360519605
0.0017942457826806927
0.0018092430447951664
0.001812210062040071
0.0018026689168138897
0.001780609718419304
0.001746506263162264
0.0017012905623087088
0.001646288672767767
0.001583125822772047
0.0015136128266833885
0.0014396275914122152
0.001363004780555351
0.0012853628484179478
0.0012082793078250058
0.0011330161899211757
0.0010605626764962136
0.0009916481713968287
0.0009267600971434283
0.0008661718318190778
0.0008099764999738338
0.0007581231448032532
0.0007104525487761322
0.000666730592661595
0.0006266775945628644
0.0005899926127522104
0.0005563722499673755
0.0005255240318806734
0.0004971748881915985
0.0004710755836460565
0.0004470020988472019
0.0004247549543616598
0.00040415734370443377
0.00038505274351326163
0.00036730241222837976
0.0003507673149487765
0.0003353272510582906
0.0003209235944904577
0.00030744736317432267
0.00029484774815387516
0.0002830230452228165
0.000271948314396331
0.00026152324151060936
0.00025174845743737535
0.00024251906854446905
0.00023386195056551433
0.000225661338609012
0.00021797226990815185
0.00021066147494595467
0.00020381558972819492
0.00019727672813909196
0.00019116831234713147
0.00018529986451540232
0.0001798376078501932
0.0001745533470162986
0.00016964544000509302
0.00016489560858060396
0.00016045741069956667
0.0001561829869429749
0.00015215225556851502
0.00014829428344608454
0.00014461031127369466
0.00014109676379030117
0.00013774432530197595
0.00013454299131028332
0.0001314837305267526
0.00012855807083526053
0.00012575813417495962
0.00012307657925053159
0.00012050656703181944
0.00011804172437495774
0.00011567611096575566
0.00011340418837464395
0.00011122079133550873
0.00010912110104694861
0.00010710062035000621
0.00010515515062805017
0.00010328077029152521
0.0001014738180600138
9.973087297609045e-05
9.804872379128233e-05
9.642436748556267e-05
9.485499227263545e-05
9.333796208867234e-05
9.187080355892856e-05
9.045119399743897e-05
8.907695035356104e-05
8.774601904099874e-05
8.645646659277828e-05
8.520647108646504e-05
8.398790592502705e-05
8.280389943771799e-05
8.165468762049126e-05
8.053881481647247e-05
7.945490405071465e-05
7.840165189993239e-05
7.737782377411904e-05
7.638224956837156e-05
7.541381964708305e-05
7.447148112666806e-05
7.355423442696381e-05
7.266113006501074e-05
7.179126566856093e-05
7.094378318922531e-05
7.011786629871731e-05
6.931273795313221e-05
6.852765811265311e-05
6.77619216057391e-05
6.701485612784392e-05
6.628582036615838e-05
6.557420224239809e-05
6.487941726659331e-05
6.42009069949727e-05
6.35381375860644e-05
6.289059844860654e-05
6.225780097594541e-05
6.163929809489105e-05
6.10346374735796e-05
6.0443413796900334e-05
5.986517372718184e-05
5.929952288243314e-05
5.874608150445493e-05
5.820448463362362e-05
5.7674381588638776e-05
5.715543532276625e-05
5.664376468587863e-05
5.61407439857834e-05
5.5647979432735556e-05
5.5165433778458667e-05
5.469327527771166e-05
5.4231096461436335e-05
5.377811962190733e-05
5.3333991181134496e-05
5.28986699829916e-05
5.247214733953109e-05
5.205430725127932e-05
5.1646100934654535e-05
5.124586492833652e-05
5.085096534761058e-05
5.0458222103729956e-05
5.0067900691909484e-05
4.968297901391784e-05
4.9303498614567073e-05
4.8929294355883355e-05
4.8558372851409305e-05
4.8192128303722656e-05
4.7831478388108054e-05
4.747639510723611e-05
4.712684429938543e-05
4.6779797498529434e-05
4.643421703656079e-05
4.609447314587271e-05
4.576047513273047e-05
4.543213874372501e-05
4.510938040593969e-05
4.479211617585645e-05
4.448026141559808e-05
4.417373073605317e-05
4.3872438074178545e-05
4.357629684032786e-05
4.328522009979566e-05
4.299912076701996e-05
4.2717409511543604e-05
4.2435413721590145e-05
4.215726296665392e-05
4.1884311528674786e-05
4.161642207153959e-05
4.135346631192415e-05
4.1095322535346e-05
4.0841874361073715e-05
4.059000706813113e-05
4.0341942429176906e-05
4.009826505903461e-05
3.9856748158041114e-05
3.9618964520045523e-05
3.938549595710942e-05
3.915623246703418e-05
3.893106893554302e-05
3.8709904696082146e-05
3.8492643065947284e-05
3.827919102413169e-05
3.806945896028188e-05
3.786336046135806e-05
3.7660812121392035e-05
3.746173336734173e-05
3.726604629885998e-05
3.7073675540430075e-05
3.688454810519092e-05
3.6698593269495806e-05
3.6515742457147187e-05
3.633592913205805e-05
3.6159088698468374e-05
3.598515840759156e-05
3.581407726996549e-05
3.564578597301288e-05
3.548022680316709e-05
3.531734357197528e-05
3.5157081546187645e-05
3.499938738141111e-05
3.484420905892834e-05
3.469149582579525e-05
3.4541198137914774e-05
3.4393267606037516e-05
3.424765694445549e-05
3.41043199226166e-05
3.396321131929957e-05
3.3824286879515735e-05
3.3687503273791746e-05
3.355281806008634e-05
3.3420189648166375e-05
3.328957726610505e-05
3.316094092925877e-05
3.3034241411471016e-05
3.290944021808143e-05
3.278649956109348e-05
3.266538233629899e-05
3.254605210198131e-05
3.242847305938742e-05
3.231261003475506e-05
3.2198428462701597e-05
3.20858943709203e-05
3.197497436623068e-05
3.186563562151915e-05
3.175784586392235e-05
3.165157336354653e-05
3.1546394897086574e-05
3.144213582976424e-05
3.1339366007961216e-05
3.1238051570663716e-05
3.113815957052762e-05
3.103965785743263e-05
3.094251501789352e-05
3.084497477855474e-05
3.0747850330062747e-05
3.065199323680162e-05
3.0557374489356496e-05
3.0463965692666152e-05
3.0371739056914193e-05
3.028066738520436e-05
3.019072406059195e-05
3.0101883033856934e-05
3.0014118811036758e-05
2.9927406441820443e-05
2.984172150757289e-05
2.975704010996433e-05
2.9673338859322494e-05
2.9590594863083782e-05
2.95087857141513e-05
2.942788947939416e-05
2.9347884687742618e-05
2.9268750318683705e-05
2.9190465790436732e-05
2.9113010948388294e-05
2.903636605356413e-05
2.896051177119627e-05
2.8885429159521297e-05
2.8811099658662744e-05
2.873750507993658e-05
2.8664627595242484e-05
2.8592449726778482e-05
2.8520954337052646e-05
2.845012461909679e-05
2.8379944087200012e-05
2.831039656759747e-05
2.8241466189798783e-05
2.8173137377906667e-05
2.810539484239941e-05
2.8038223572133817e-05
2.797160882646441e-05
2.7905536127896125e-05
2.7839991254686107e-05
2.7774960233650394e-05
2.7710429333530357e-05
2.7646385058065934e-05
2.75828141395621e-05
2.7519703532537852e-05
2.7457040407448693e-05
2.73948121447252e-05
2.7333006328617054e-05
2.7271610741631158e-05
2.7210613358534524e-05
2.7150002340996347e-05
2.708976603195716e-05
2.7029892950101707e-05
2.697037178471193e-05
2.6911191390333632e-05
2.6852340781481403e-05
2.6793809127750094e-05
2.673558574858707e-05
2.667766010845805e-05
2.6620021811807446e-05
2.6562660598367123e-05
2.6505566338273158e-05
2.6448729027435403e-05
2.6392138782862122e-05
2.6335785838031926e-05
2.627966053841282e-05
2.622375333704025e-05
2.6168054790032995e-05
2.611255555241516e-05
2.605724637357455e-05
2.6001856082352526e-05
2.594630717432476e-05
2.5890937408730864e-05
2.583575008462214e-05
2.5780734999138115e-05
2.5725882106135344e-05
2.567118149656294e-05
2.5616623388022043e-05
2.5562198117819473e-05
2.5507896136899063e-05
2.545370800496653e-05
2.539962438609022e-05
2.5345636045087047e-05
2.529173384386924e-05
2.523790873775701e-05
2.5184151771357673e-05
2.513045407417703e-05
2.5076806855376052e-05
2.5023201398558964e-05
2.4969629055960555e-05
2.491608124268304e-05
2.4862549430504098e-05
2.4809025141984637e-05
2.4755499944724294e-05
2.470196544533774e-05
2.464841328435943e-05
2.4594835130984067e-05
2.4541222678092305e-05
2.4487567638264346e-05
2.4433861739430266e-05
2.4380096721416724e-05
2.432626433282392e-05
2.4272356328057864e-05
2.4218364465161726e-05
2.4164280503724887e-05
2.411009620318494e-05
2.4055803321652507e-05
2.4001393614905683e-05
2.3946858835740092e-05
2.3892190733635257e-05
2.3837381054643543e-05
2.3782421541679144e-05
2.372730393471297e-05
2.3672019971707373e-05
2.3616561389228075e-05
2.356091992357433e-05
2.3505087312077022e-05
2.344888088225767e-05
2.339129302943821e-05
2.3333500891187344e-05
2.327549649162348e-05
2.321727185369296e-05
2.3158819007260747e-05
2.3100129996600665e-05
2.3041196882951703e-05
2.298201174682649e-05
2.2922566690446198e-05
2.286285383999715e-05
2.2802865348313394e-05
2.274259339738005e-05
2.268203020129154e-05
2.2621168009147768e-05
2.255999910804137e-05
2.2498515826481715e-05
2.2436710537531834e-05
2.237457566234658e-05
2.2312103673700896e-05
2.224928709969422e-05
2.2186118527517503e-05
2.2122590607339482e-05
2.2058696056244883e-05
2.199442766241959e-05
2.1929778289206462e-05
2.186474087935965e-05
2.1799308459461528e-05
2.173347414429641e-05
2.1667231141303076e-05
2.160057275514115e-05
2.1533492392334417e-05
2.1465983565933155e-05
2.139803990015522e-05
2.1329655135284294e-05
2.126082313237528e-05
2.1191537878130247e-05
2.1121793489771793e-05
2.105158421988178e-05
2.0980904461342145e-05
2.0909748752284118e-05
2.0838111780810824e-05
2.0765988390135794e-05
2.069337358330763e-05
2.0620262528062192e-05
2.0546650561790337e-05
2.0472533196212652e-05
2.039790612215924e-05
2.0322765214291627e-05
2.0247106535763323e-05
2.0170926342731314e-05
2.0094221088946976e-05
2.0016987430170408e-05
1.99392222284637e-05
1.9860922556465198e-05
1.978208570162597e-05
1.9702709170122693e-05
1.962279069090149e-05
1.954232821935104e-05
1.9461319941181735e-05
1.9379764275816525e-05
1.9297659879975205e-05
1.9215005650719308e-05
1.913180072879931e-05
1.9048044501521142e-05
1.8963736605573247e-05
1.887887692970938e-05
1.8793465617158275e-05
1.870750306801698e-05
1.8620989941337266e-05
1.8533927157091065e-05
1.844631589791089e-05
1.835815761072151e-05
1.826945400808351e-05
1.818020706941861e-05
1.80904190420287e-05
1.8000092441761376e-05
1.790923005389564e-05
1.7817834933260156e-05
1.772591040460504e-05
1.763346006250969e-05
1.75404877713014e-05
1.7446997664486033e-05
1.735299414425695e-05
1.7258481880671792e-05
1.716346581059677e-05
1.706795113645547e-05
1.6971943324896035e-05
1.687544810513759e-05
1.677847146714515e-05
1.6681019659562788e-05
1.6583099187655475e-05
1.6484716810679928e-05
1.6385879539554127e-05
1.6286594633861102e-05
1.618686959902889e-05
1.608671218312655e-05
1.5986130373577574e-05
1.5885132393654634e-05
1.578372669880174e-05
1.5681921972888833e-05
1.557972712413911e-05
1.5477151281028555e-05
1.53742037879753e-05
1.5270894200966193e-05
1.5167232282836558e-05
1.5063227998706459e-05
1.495889151104002e-05
1.4854233174662623e-05
1.474926353168161e-05
1.4643993306256619e-05
1.4538433399276991e-05
1.4432594882906724e-05
1.432648899508716e-05
1.4220127133799798e-05
1.4113520851472837e-05
1.4006681849082705e-05
1.3899621970288786e-05
1.3792353195472107e-05
1.368488763574966e-05
1.3577237526784456e-05
1.34694152227414e-05
1.3361433190038024e-05
1.3253304001111861e-05
1.314504032812961e-05
1.3036654936701804e-05
1.2928160679511672e-05
1.2819570489949786e-05
1.2710897375733028e-05
1.2602154412527875e-05
1.2493354737502187e-05
1.2384511542963979e-05
1.227563806992853e-05
1.216674760171617e-05
1.2057853457566742e-05
1.194896898637223e-05
1.1840107560169173e-05
1.1731282567922394e-05
1.1622507409228813e-05
1.1513795488095727e-05
1.14051602066039e-05
1.12966149589086e-05
1.1188173125052506e-05
1.1079848064818285e-05
1.0971653111914404e-05
1.0863601567801702e-05
1.0755706695970575e-05
1.0647981716100407e-05
1.0540439798228915e-05
1.0433094057134024e-05
1.03259575467712e-05
1.0219043254703008e-05
1.0112364096670616e-05
1.0005932911277312e-05
9.899762454669926e-06
9.793865395470004e-06
9.6882543096013e-06
9.58294167530574e-06
9.477939868364514e-06
9.373261157208421e-06
9.268917698257363e-06
9.164921531400899e-06
9.06128457546193e-06
8.958018623856212e-06
8.85513534032828e-06
8.752646254824886e-06
8.650562759403776e-06
8.548896104396258e-06
8.447657394506088e-06
8.346857585157577e-06
8.24650747894674e-06
8.146617722106152e-06
8.047198801178162e-06
7.948261039841865e-06
7.849814595711173e-06
7.751869457400053e-06
7.654435441617634e-06
7.557522190427028e-06
7.4611391685853584e-06
7.3652956610431875e-06
7.270000770546229e-06
7.175263415302786e-06
7.081092326865101e-06
6.9874960480850324e-06
6.894482931155619e-06
6.802061135832865e-06
6.710238627670521e-06
6.619023176544041e-06
6.528422355097721e-06
6.438443537450412e-06
6.349093897917157e-06
6.2603804099295075e-06
6.172309844969372e-06
6.084888771756466e-06
5.998123555388528e-06
5.912020356638994e-06
5.826585131509732e-06
5.741823630634959e-06
5.6577413990076114e-06
5.574343775628283e-06
5.491635893514512e-06
5.409622679498834e-06
5.328308854331385e-06
5.247698932892492e-06
5.167797224304055e-06
5.088607832438304e-06
5.010134656216127e-06
4.932381390218984e-06
4.8553515252731964e-06
4.779048349171266e-06
4.7034749474852514e-06
4.628634204430456e-06
4.554528803851898e-06
4.4811612302481025e-06
4.408533769955355e-06
4.336648512290203e-06
4.265507350905874e-06
4.195111985120201e-06
4.125463921342047e-06
4.056564474610162e-06
3.9884147701703585e-06
3.92101574509521e-06
3.854368149993189e-06
3.788472550853231e-06
3.7233293307854455e-06
3.658938692009837e-06
3.5953006577208736e-06
3.5324150741948744e-06
3.4702816127898598e-06
3.4088997720807664e-06
3.348268880052454e-06
3.28838809628661e-06
3.2292564142276806e-06
3.1708726635330044e-06
3.1132355123515235e-06
3.056343469796302e-06
3.0001948883111078e-06
2.9447879661587563e-06
2.8901207499523287e-06
2.836191137122794e-06
2.782996878558792e-06
2.7305355811512586e-06
2.6788047104351352e-06
2.6278015932389715e-06
2.57752342034508e-06
2.5279672491895315e-06
2.4791300065651534e-06
2.4310084913792714e-06
2.3835993773676984e-06
2.3368992158913605e-06
2.290904438670909e-06
2.245611360614841e-06
2.2010161825826543e-06
2.1571149942140825e-06
2.113903776715664e-06
2.071378405718251e-06
2.029534654024282e-06
1.988368194500785e-06
1.9478746028673096e-06
1.908049360501065e-06
1.8688878572799202e-06
1.83038539437694e-06
1.7925371870780595e-06
1.7553383675640173e-06
1.7187839877231531e-06
1.682869021908362e-06
1.647588369726562e-06
1.6129368587858722e-06
1.5789092474324914e-06
1.5455002274993839e-06
1.5127044269968486e-06
1.4805164128207996e-06
1.4489306934310327e-06
1.4179417215071754e-06
1.3875438965780609e-06
1.357731567655886e-06
1.3284990358112548e-06
1.2998405567654793e-06
1.2717503434124074e-06
1.244222568366837e-06
1.2172513664429272e-06
1.1908308371251335e-06
1.1649550470192647e-06
1.1396180322617455e-06
1.1148138008988711e-06
1.0905363352554393e-06
1.066779594245467e-06
1.0435375156788146e-06
1.020804018510339e-06
9.98573005091008e-07
9.768383633483515e-07
9.55593968955476e-07
9.348336874676159e-07
9.145513764233119e-07
8.947408873950478e-07
8.753960680296514e-07
8.565107640442589e-07
8.380788211706608e-07
8.200940870919608e-07
8.02550413324422e-07
7.854416570706763e-07
7.687616830284629e-07
7.525043651770758e-07
7.366635885141244e-07
7.212332507545726e-07
7.062072640121233e-07
6.915795564180819e-07
6.77344073718966e-07
6.634947808320483e-07
6.500256633687738e-07
6.369307291108784e-07
6.24204009456964e-07
6.118395608368491e-07
5.99831466074577e-07
5.881738357281241e-07
5.768608093842422e-07
5.65886556922481e-07
5.552452797367014e-07
5.449312119261924e-07
5.349386214472485e-07
5.252618112286281e-07
5.158951202538112e-07
5.068329246066193e-07
4.980696384798198e-07
4.895997151536085e-07
4.81417647933345e-07
4.73517971057949e-07
4.658952605727353e-07
4.5854413516715215e-07
4.5145925698193983e-07
4.446353323790415e-07
4.3806711268595233e-07
4.317493948996886e-07
4.256770223633165e-07
4.198448854123567e-07
4.142479219847392e-07
4.0888111820658384e-07
4.037395089435999e-07
3.988181783202125e-07
3.9411226021678736e-07
3.896169387323933e-07
3.853274486175761e-07
3.812390756845661e-07
3.77347157183958e-07
3.7364708216104607e-07
3.701342917775004e-07
3.668042796082923e-07
3.636525919224542e-07
3.6067482792536544e-07
3.5786663998264726e-07
3.552237338178577e-07
3.5274186868505766e-07
3.5041685753127237e-07
3.482445671060767e-07
3.4622091807939937e-07
3.443418851255931e-07
3.4260349697384303e-07
3.410018364631452e-07
3.395330405497679e-07
3.381933003149321e-07
3.36978860943537e-07
3.3588602167540765e-07
3.3491113576660665e-07
3.340506103891534e-07
3.3330090656257197e-07
3.326585390179891e-07
3.321200760854443e-07
3.316821395492977e-07
3.3134140447168344e-07
3.310945990362891e-07
3.309385043447291e-07
3.3086995420989894e-07
3.3088583494734197e-07
3.3098308512318653e-07
3.311586953270258e-07
3.314097078910561e-07
3.317332166366825e-07
3.3212636657519244e-07
3.325863536142335e-07
3.3311042426292474e-07
3.3369587529428963e-07
3.3434005342437245e-07
3.3504035498359486e-07
3.357942255492446e-07
3.365991596037957e-07
3.374527001575725e-07
3.383524383794514e-07
3.392960132115667e-07
3.4028111098003086e-07
3.4130546499001114e-07
3.423668551324227e-07
3.4346310745853597e-07
3.44592093770643e-07
3.4575173118815795e-07
3.469399817321496e-07
3.481548518696649e-07
3.493943920923147e-07
3.50656696454518e-07
3.519399021373971e-07
3.532421889779041e-07
3.545617790331802e-07
3.558969360887565e-07
3.5724596522335594e-07
3.5860721232233093e-07
3.5997906361563113e-07
3.6135994519604494e-07
3.6274832254734654e-07
3.641427000713481e-07
3.6554162060061293e-07
3.669436649166866e-07
3.683474512820423e-07
3.6975163493920764e-07
3.711549076251097e-07
3.7255599710871036e-07
3.7395366669003957e-07
3.753467146983493e-07
3.767339740459566e-07
3.781143117006897e-07
3.794866282251791e-07
3.8084985730342783e-07
3.8220296521642547e-07
3.835449503919872e-07
3.848748429182421e-07
3.861917040532969e-07
3.8749462575431993e-07
3.887827301835097e-07
3.9005516926216494e-07
3.913111241647456e-07
3.925498048642823e-07
3.937704496514996e-07
3.949723246793758e-07
3.9615472348547407e-07
3.9731696652655466e-07
3.984584007344054e-07
3.9957839903535796e-07
4.006763599131809e-07
4.017517069425265e-07
4.0280388835307055e-07
4.0383237655875516e-07
4.048366677537661e-07
4.0581628142329585e-07
4.0677075994980926e-07
4.0769966815113227e-07
4.0860259286637084e-07
4.0947914250991563e-07
4.103289466830458e-07
4.1115165571447435e-07
4.119469402716576e-07
4.127144909262528e-07
4.134540177866548e-07
4.141652500340956e-07
4.1484793557646e-07
4.1550184062682454e-07
4.161267493119721e-07
4.167224632841543e-07
4.172888013452569e-07
4.1782559905475004e-07
4.1833270836501677e-07
4.1880999724343586e-07
4.1925734930279445e-07
4.1967466344418617e-07
4.2006185349921926e-07
4.2041884785743054e-07
4.207455891351359e-07
4.210420338367768e-07
4.2130815197498534e-07
4.215439267747031e-07
4.217493543216376e-07
4.219244432199979e-07
4.220692143008413e-07
4.2218370026973956e-07
4.222679454058833e-07
4.223220052541638e-07
4.223459463029102e-07
4.2233984569904547e-07
4.2230379093619275e-07
4.2223787956429984e-07
4.2214221889323615e-07
4.2201692572206073e-07
4.2186212604950127e-07
4.216779547922206e-07
4.2146455550601475e-07
4.212220801387907e-07
4.2095068874597284e-07
4.206505492433847e-07
4.2032183713980135e-07
4.199647352835206e-07
4.195794336331801e-07
4.191661289916794e-07
4.187250247724993e-07
4.182563307773977e-07
4.1776026294138607e-07
4.172370431244699e-07
4.166868988810076e-07
4.1611006323052383e-07
4.155067744548777e-07
4.1487727588769316e-07
4.1422181568203276e-07
4.1354064664128255e-07
4.1283402598449323e-07
4.1210221517190553e-07
4.113454797094009e-07
4.1056408894457175e-07
4.097583158883655e-07
4.0892843705155116e-07
4.0807473221830896e-07
4.071974843284772e-07
4.062969792707808e-07
4.0537350570834913e-07
4.044273549473209e-07
4.0345882073860055e-07
4.024681991386341e-07
4.0145578836524703e-07
4.004218886213959e-07
3.993668019564427e-07
3.9829083213268454e-07
3.971942844627111e-07
3.960774656937604e-07
3.949406838536849e-07
3.9378424811827066e-07
3.926084686988587e-07
3.9141365670336754e-07
3.902001239969137e-07
3.8896818312840394e-07
3.8771814715813383e-07
3.8645032957693034e-07
3.851650441826908e-07
3.8386260496990717e-07
3.8254332602408695e-07
3.8120752142845835e-07
3.7985550514545913e-07
3.784875909221312e-07
3.771040922050646e-07
3.757053220323078e-07
3.7429159295174306e-07
3.728632169310582e-07
3.714205052605633e-07
3.6996376848927976e-07
3.6849331633216714e-07
3.6700945757698454e-07
3.6551250003429394e-07
3.640027504548289e-07
3.624805144345793e-07
3.609460963753676e-07
3.593997993931964e-07
3.5784192527681193e-07
3.5627277439476257e-07
3.546926456522811e-07
3.531018364247896e-07
3.515006425114985e-07
3.4988935805789705e-07
3.482682755183873e-07
3.466376855932011e-07
3.449978771938971e-07
3.4334913737658477e-07
3.416917513089286e-07
3.400260022083874e-07
3.383521713210982e-07
3.3667053785830965e-07
3.3498137897266426e-07
3.332849697144407e-07
3.3158158298680564e-07
3.2987148952360313e-07
3.2815495785027266e-07
3.264322542378796e-07
3.2470364269924176e-07
3.2296938493760176e-07
3.212297403273289e-07
3.1948496588177793e-07
3.177353162449435e-07
3.159810436399238e-07
3.142223978732214e-07
3.1245962628812027e-07
3.106929703123668e-07
3.089226731376479e-07
3.0714897741081933e-07
3.0537212049322475e-07
3.0359233720388775e-07
3.018098598123366e-07
3.000249180224905e-07
2.9823773896519833e-07
2.964485471689717e-07
2.9465756456399024e-07
2.928650104919818e-07
2.9107110165281914e-07
2.892760521394603e-07
2.8748007340958054e-07
2.8568337428241726e-07
2.838861609382168e-07
2.8208863692496854e-07
2.8029100313617385e-07
2.78493457816651e-07
2.766961965662357e-07
2.748994123374499e-07
2.731032954328506e-07
2.7130803350471233e-07
2.695138115632908e-07
2.677208119882765e-07
2.659292144971498e-07
2.641391961943286e-07
2.6235093154101715e-07
2.6056459238223895e-07
2.587803479322695e-07
2.5699836481170297e-07
2.552186127109436e-07
2.534413021290757e-07
2.5166674786845307e-07
2.4989510587591197e-07
2.4812652962889364e-07
2.4636117007256896e-07
2.445991756014225e-07
2.4284069206463093e-07
2.410858627845712e-07
2.393348285544544e-07
2.3758772766150368e-07
2.3584469589953238e-07
2.341058665839639e-07
2.3237137057341746e-07
2.306413362595242e-07
2.289158896107808e-07
2.2719515416549858e-07
2.254792510624889e-07
2.237682990455581e-07
2.2206241448075304e-07
2.2036171137676315e-07
2.1866630139936655e-07
2.1697629387929397e-07
2.1529179583526498e-07
2.1361291200132928e-07
2.1193974481848775e-07
2.1027239447389105e-07
2.086109589082156e-07
2.0695553383408424e-07
2.0530621275302743e-07
2.0366308698131068e-07
2.020262456530359e-07
2.0039577575373345e-07
1.9877176212586043e-07
1.9715428750191906e-07
1.9554343250441995e-07
1.9393927568203404e-07
1.9234189352202233e-07
1.9075136046797908e-07
1.8916774893223417e-07
1.8759112933509324e-07
1.8602157010709376e-07
1.844591377115397e-07
1.8290389667261595e-07
1.8135590958492253e-07
1.7981523713035875e-07
1.7828193812409524e-07
1.7675606949652652e-07
1.7523768634077099e-07
1.737268419213521e-07
1.7222358769727213e-07
1.7072797334545656e-07
1.692400467734932e-07
1.6775985413788615e-07
1.6628743988408308e-07
1.6482284673731954e-07
1.6336611574739567e-07
1.6191728629235915e-07
1.6047639611125108e-07
1.590434813156034e-07
1.5761857640933788e-07
1.5620171431682424e-07
1.547929263907657e-07
1.533922424479723e-07
1.5199969076983934e-07
1.5061529814311905e-07
1.4923908986154205e-07
1.4787108976196023e-07
1.4651132022330756e-07
1.4515980221127602e-07
1.4381655527706434e-07
1.4248159758805367e-07
1.4115494594503345e-07
1.3983661579819294e-07
1.385266212731282e-07
1.3722497518236646e-07
1.359316890506909e-07
1.3464677312858275e-07
1.3337023642302008e-07
1.3210208669402555e-07
1.3084233049876903e-07
1.295909731969965e-07
1.283480189654078e-07
1.2711347082648646e-07
1.2588733066534536e-07
1.246695992407882e-07
1.23460276206618e-07
1.222593601357574e-07
1.2106684853047462e-07
1.198827378462815e-07
1.1870702350313083e-07
1.1753969991008401e-07
1.1638076047311877e-07
1.1523019762764938e-07
1.1408800283627432e-07
1.1295416662899457e-07
1.1182867859497079e-07
1.1071152742147979e-07
1.0960270089587732e-07
1.0850218592840817e-07
1.0740996857191482e-07
1.06326034029299e-07
1.0525036667626347e-07
1.041829500796678e-07
1.0312376700253171e-07
1.0207279942998913e-07
1.010300285836275e-07
9.999543493303125e-08
9.896899821452709e-08
9.795069744668003e-08
9.694051094391896e-08
9.593841632729051e-08
9.494439055108373e-08
9.395840990258489e-08
9.298045003009067e-08
9.20104859502652e-08
9.104849206204263e-08
9.009444216640477e-08
8.914830947183835e-08
8.82100666137191e-08
8.727968567040807e-08
8.6357138170768e-08
8.54423951118937e-08
8.4535426968923e-08
8.363620371288968e-08
8.274469482091623e-08
8.18608692881187e-08
8.098469563994079e-08
8.011614195042147e-08
7.925517584761002e-08
7.8401764528989e-08
7.755587477409931e-08
7.67174729559001e-08
7.588652505438557e-08
7.506299666121572e-08
7.424685300434124e-08
7.343805894637846e-08
7.263657900077866e-08
7.18423773495718e-08
7.105541784155127e-08
7.027566401615386e-08
6.950307910414613e-08
6.873762604206875e-08
6.797926748650942e-08
6.722796581798946e-08
6.648368315519873e-08
6.574638136455541e-08
6.50160220666298e-08
6.429256665527592e-08
6.35759762935142e-08
6.28662119346899e-08
6.216323432757487e-08
6.146700402518515e-08
6.077748139471296e-08
6.009462662779523e-08
5.9418399745013256e-08
5.874876060929366e-08
5.808566893557125e-08
5.7429084292520054e-08
5.677896611458549e-08
5.613527371817833e-08
5.549796629416244e-08
5.486700292713929e-08
5.424234260050688e-08
5.3623944206709086e-08
5.301176654667631e-08
5.240576834618327e-08
5.180590826112204e-08
5.1212144881045206e-08
5.062443673826356e-08
5.0042742321309723e-08
4.946702006712212e-08
4.889722838427874e-08
4.8333325651566087e-08
4.777527022069891e-08
4.7223020430099056e-08
4.667653460933489e-08
4.6135771083625955e-08
4.5600688182577904e-08
4.5071244240538794e-08
4.454739761169748e-08
4.402910666573798e-08
4.3516329802772676e-08
4.3009025451319665e-08
4.250715208166774e-08
4.201066820095136e-08
4.151953236768143e-08
4.1033703194222104e-08
4.0553139352561504e-08
4.007779956980472e-08
3.960764265294136e-08
3.9142627473273186e-08
3.8682712983781305e-08
3.8227858216270214e-08
3.7778022292512475e-08
3.733316442572212e-08
3.689324392198167e-08
3.6458220189058924e-08
3.602805273702983e-08
3.560270118623589e-08
3.518212526570577e-08
3.47662848239188e-08
3.435513982237403e-08
3.3948650354644095e-08
3.3546776633732817e-08
3.3149479006232235e-08
3.2756717951944144e-08
3.2368454086733515e-08
3.198464816768741e-08
3.160526109608276e-08
3.123025391783285e-08
3.0859587829001936e-08
3.049322418129788e-08
3.013112447648806e-08
2.9773250378167463e-08
2.9419563711611263e-08
2.907002646199692e-08
2.8724600784002905e-08
2.8383248998508464e-08
2.8045933600699736e-08
2.7712617254260793e-08
2.7383262804605472e-08
2.705783326890959e-08
2.6736291849497292e-08
2.6418601927324115e-08
2.6104727069313566e-08
2.5794631027805516e-08
2.5488277744742835e-08
2.5185631348161014e-08
2.4886656159334755e-08
2.4591316694275733e-08
2.4299577662938307e-08
2.4011403972209675e-08
2.372676072448412e-08
2.3445613222905686e-08
2.316792697204767e-08
2.289366767713729e-08
2.2622801249060793e-08
2.2355293801028842e-08
2.2091111653224296e-08
2.183022132929959e-08
2.1572589566304026e-08
2.1318183307098933e-08
2.1066969703029272e-08
2.0818916118136812e-08
2.057399012909842e-08
2.0332159521800718e-08
2.0093392296197842e-08
1.985765666957784e-08
1.9624921067936708e-08
1.9395154136074922e-08
1.9168324734211766e-08
1.8944401936814535e-08
1.8723355038146313e-08
1.8505153545046744e-08
1.828976718573827e-08
1.807716590428484e-08
1.7867319864075382e-08
1.7660199444942104e-08
1.7455775246937218e-08
1.725401808901896e-08
1.7054899007057105e-08
1.6858389259277218e-08
1.6664460317779694e-08
1.647308388027443e-08
1.6284231857597562e-08
1.6097876383767914e-08
1.591398980971178e-08
1.573254470616367e-08
1.5553513860867293e-08
1.5376870283957652e-08
1.5202587200118047e-08
1.5030638053084102e-08
1.4860996506798207e-08
1.4693636437975773e-08
1.452853194657856e-08
1.4365657343235334e-08
1.420498716132533e-08
1.4046496144705203e-08
1.3890159256583371e-08
1.3735951674067104e-08
1.3583848788629828e-08
1.343382620632237e-08
1.3285859747218152e-08
1.3139925444326149e-08
1.2995999541507883e-08
1.2854058497411988e-08
1.2714078071697804e-08
1.2576036189920044e-08
1.2439909924753463e-08
1.2305676548506608e-08
1.2173313559365862e-08
1.2042798665111295e-08
1.1914109781459362e-08
1.1787225028272016e-08
1.1662122731068019e-08
1.1538781419603533e-08
1.1417179826639443e-08
1.1297296888661538e-08
1.1179111743060056e-08
1.1062603729672324e-08
1.094775238963383e-08
1.0834537461639814e-08
1.072293888634185e-08
1.0612936799645926e-08
1.0504511535907196e-08
1.0397643626349797e-08
1.0292313794925718e-08
1.0188502961521728e-08
1.0086192237861165e-08
9.985362928552119e-09
9.885996527662811e-09
9.788074720751621e-09
9.691579380182887e-09
9.596492566689836e-09
9.502796527802596e-09
9.410473695201469e-09
9.319506685114547e-09
9.229878297914133e-09
9.141571514492197e-09
9.054569496358993e-09
8.968855585393057e-09
8.884413301889007e-09
8.8012263424824e-09
8.719278580733535e-09
8.638554064345497e-09
8.559037015390707e-09
8.480711828738052e-09
8.40356306987378e-09
8.327575474308623e-09
8.25273394735765e-09
8.179023561638099e-09
8.106429555414349e-09
8.03493733553866e-09
7.964532468227649e-09
7.895200686495102e-09
7.82692788361503e-09
7.75970011353476e-09
7.693503589963935e-09
7.628324682935411e-09
7.56414992173605e-09
7.500965989918713e-09
7.43875972527828e-09
7.3775181201598955e-09
7.3172283169176685e-09
7.257877609494359e-09
7.199453442634971e-09
7.141943406785677e-09
7.085335241700513e-09
7.029616831806505e-09
6.974776205993919e-09
6.920801536941357e-09
6.867681138655277e-09
6.815403467966848e-09
6.763957119360391e-09
6.713330825546379e-09
6.663513458031324e-09
6.6144940236815845e-09
6.566261663100926e-09
6.518805651685265e-09
6.4721153970759665e-09
6.426180437272109e-09
6.3809904403835965e-09
6.33653520251212e-09
6.2928046492055115e-09
6.249788830482178e-09
6.207477922060764e-09
6.165862222762531e-09
6.1249321548663335e-09
6.0846782621241115e-09
6.045091208030866e-09
6.006161775348447e-09
5.96788086489779e-09
5.930239494019649e-09
5.8932287954853065e-09
5.856840016783992e-09
5.821064518564821e-09
5.785893772845401e-09
5.751319363382532e-09
5.717332984059928e-09
5.683926435154159e-09
5.651091626825137e-09
5.618820574781623e-09
5.5871053990249e-09
5.555938324488317e-09
5.5253116794648905e-09
5.495217892796066e-09
5.4656494952140305e-09
5.436599116096367e-09
5.408059484578344e-09
5.380023425744904e-09
5.352483861904917e-09
5.325433810795043e-09
5.298866384252132e-09
5.2727747857843665e-09
5.247152313473372e-09
5.2219923544681124e-09
5.197288387414564e-09
5.173033978231816e-09
5.149222781666988e-09
5.125848538936405e-09
5.102905077617344e-09
5.080386310492619e-09
5.058286232996307e-09
5.0365989235102045e-09
5.015318543199438e-09
4.9944393331935074e-09
4.9739556147831265e-09
4.953861789092342e-09
4.9341523334311044e-09
4.914821802379879e-09
4.8958648280141e-09
4.877276116160948e-09
4.8590504470571646e-09
4.841182674441863e-09
4.8236677238852156e-09
4.806500592486911e-09
4.789676348088298e-09
4.773190127927283e-09
4.757037137244556e-09
4.741212650247337e-09
4.725712007473697e-09
4.710530614651073e-09
4.695663944770435e-09
4.681107532637324e-09
4.666856978243334e-09
4.6529079433184155e-09
4.6392561521869745e-09
4.625897389278703e-09
4.612827499334813e-09
4.6000423874987476e-09
4.58753801536904e-09
4.575310404265575e-09
4.5633556313814334e-09
4.551669829661058e-09
4.540249188899694e-09
4.529089952428379e-09
4.518188417564727e-09
4.507540934158619e-09
4.497143906342765e-09
4.486993787844314e-09
4.4770870831702906e-09
4.467420349284883e-09
4.457990190155909e-09
4.448793259959544e-09
4.439826260183654e-09
4.431085939568733e-09
4.422569094367613e-09
4.414272565970447e-09
4.406193240892479e-09
4.398328051704087e-09
4.390673972897854e-09
4.383228024298059e-09
4.375987267221151e-09
4.3689488050300674e-09
4.36210978333007e-09
4.355467387837325e-09
4.34901884411224e-09
4.3427614188288414e-09
4.336692415662502e-09
4.3308091780217206e-09
4.3251090868833274e-09
4.319589560315582e-09
4.314248052774261e-09
4.309082054955508e-09
4.304089093278884e-09
4.299266729042559e-09
4.294612558144956e-09
4.29012421020624e-09
4.28579934783031e-09
4.281635666769815e-09
4.277630895357779e-09
4.2737827933542376e-09
4.270089151808182e-09
4.266547792874738e-09
4.263156568558565e-09
4.259913361001277e-09
4.2568160816834235e-09
4.253862671117933e-09
4.251051097118668e-09
4.248379356629602e-09
4.245845474343077e-09
4.2434475004707045e-09
4.241183512745685e-09
4.239051615305624e-09
4.237049937320546e-09
4.235176633745367e-09
4.23342988381633e-09
4.231807892245072e-09
4.230308886546186e-09
4.2289311191122055e-09
4.2276728642344795e-09
4.226532419853334e-09
4.225508106821617e-09
4.2245982675198044e-09
4.223801265472531e-09
4.223115486841257e-09
4.22253933766717e-09
4.2220712453742506e-09
4.221709657124723e-09
4.221453040386995e-09
4.221299881949996e-09
4.221248688300948e-09
4.221297983886232e-09
4.221446313290347e-09
4.221692237925005e-09
4.22203433751345e-09
4.222471209917585e-09
4.2230014704770335e-09
4.223623750833756e-09
4.224336699433571e-09
4.225138981642254e-09
4.226029279130001e-09
4.227006288621581e-09
4.228068723606731e-09
4.229215311795879e-09
4.230444796598307e-09
4.231755935858576e-09
4.233147502833528e-09
4.234618284005949e-09
4.236167080483694e-09
4.237792707000496e-09
4.2394939918296305e-09
4.2412697765815215e-09
4.2431189167802415e-09
4.245040279060611e-09
4.2470327436384645e-09
4.249095204214877e-09
4.251226564695311e-09
4.253425742331351e-09
4.255691665416784e-09
4.2580232748122486e-09
4.260419521424415e-09
4.262879368312775e-09
4.265401788820742e-09
4.267985767641677e-09
4.270630300040419e-09
4.273334391268323e-09
4.276097057309843e-09
4.278917324218828e-09
4.281794226844201e-09
4.284726811471871e-09
4.28771413258292e-09
4.290755254588483e-09
4.293849251115449e-09
4.29699520469507e-09
4.300192207546966e-09
4.303439358887693e-09
4.306735769200322e-09
4.310080554628193e-09
4.313472841609249e-09
4.316911763738643e-09
4.320396463548736e-09
4.323926090795207e-09
4.327499803622529e-09
4.331116767181933e-09
4.334776154841433e-09
4.338477146321562e-09
4.342218930456595e-09
4.346000701752485e-09
4.349821662506455e-09
4.3536810214270654e-09
4.3575779948771385e-09
4.361511805105073e-09
4.365481682158993e-09
4.369486860924519e-09
4.373526585283399e-09
4.377600102702567e-09
4.381706668902808e-09
4.385845544885793e-09
4.390015997806738e-09
4.3942173012794045e-09
4.398448734289365e-09
4.402709581790556e-09
4.406999135494056e-09
4.411316690948488e-09
4.415661550461659e-09
4.420033021508554e-09
4.424430417529401e-09
4.428853056976825e-09
4.43330026350606e-09
4.437771365695219e-09
4.4422656987639445e-09
4.446782601241958e-09
4.451321417323359e-09
4.455881496638576e-09
4.4604621933861335e-09
4.465062866859636e-09
4.469682881213242e-09
4.4743216047424084e-09
4.4789784109126105e-09
4.48365267760876e-09
4.488343788487199e-09
4.493051130172838e-09
4.497774094318971e-09
4.502512077189553e-09
4.507264479569315e-09
4.51203070692899e-09
4.516810168125979e-09
4.521602276940319e-09
4.5264064515599485e-09
4.531222114118907e-09
4.5360486912208136e-09
4.540885612399034e-09
4.545732313477138e-09
4.5505882327731175e-09
4.5554528127348555e-09
4.560325500743257e-09
4.56520574737867e-09
4.57009300711863e-09
4.574986738652224e-09
4.579886405276467e-09
4.584791472788386e-09
4.589701411947591e-09
4.594615696010916e-09
4.59953380388458e-09
4.6044552172329595e-09
4.6093794216972885e-09
4.614305905774608e-09
4.619234162998377e-09
4.624163689824873e-09
4.629093987117877e-09
4.634024557735015e-09
4.63895491097678e-09
4.643884556678209e-09
4.648813010542177e-09
4.653739791133826e-09
4.658664420282168e-09
4.663586423442225e-09
4.668505330014107e-09
4.673420672933713e-09
4.678331988885859e-09
4.6832388168917665e-09
4.6881407004798985e-09
4.6930371865485275e-09
4.697927825703043e-09
4.702812171043665e-09
4.7076897800901525e-09
4.712560213616152e-09
4.717423035920617e-09
4.722277814385678e-09
4.727124120104725e-09
4.731961527307191e-09
4.736789613979442e-09
4.741607961294814e-09
4.746416154081631e-09
4.751213780331884e-09
4.7560004310262914e-09
4.76077570121194e-09
4.7655391898816445e-09
4.770290497487562e-09
4.77502922941527e-09
4.779754994054785e-09
4.784467403098789e-09
4.7891660712351465e-09
4.793850616687936e-09
4.798520661918063e-09
4.803175830717936e-09
4.807815752625529e-09
4.81244005885047e-09
4.817048384498334e-09
4.8216403679196665e-09
4.826215650855549e-09
4.830773878166896e-09
4.835314697988833e-09
4.839837762253786e-09
4.84434272582263e-09
4.848829247129899e-09
4.853296987225922e-09
4.857745611252833e-09
4.862174787765418e-09
4.866584187498677e-09
4.870973485835557e-09
4.875342360132014e-09
4.879690491993212e-09
4.88401756649254e-09
4.888323270976106e-09
4.892607296664359e-09
4.896869338482291e-09
4.901109093890717e-09
4.905326263359823e-09
4.909520552193571e-09
4.913691667178987e-09
4.917839319639422e-09
4.921963223143322e-09
4.926063095647192e-09
4.930138656753049e-09
4.934189631300416e-09
4.938215746617001e-09
4.942216731960452e-09
4.946192321638186e-09
4.9501422524349645e-09
4.9540662644093544e-09
4.957964100676525e-09
4.961835508225755e-09
4.965680236830143e-09
4.969498038715481e-09
4.973288671304686e-09
4.977051893218439e-09
4.9807874673960816e-09
4.9844951594924195e-09
4.9881747389242965e-09
4.991825977489307e-09
4.99544865178915e-09
4.99904253929438e-09
5.002607421769084e-09
5.00614308580773e-09
5.009649317634345e-09
5.013125910154417e-09
5.016572656983726e-09
5.019989356414504e-09
5.023375808868372e-09
5.0267318186105205e-09
5.0300571928189285e-09
5.03335174192119e-09
5.03661527932933e-09
5.039847620974483e-09
5.043048587164265e-09
5.046218000629798e-09
5.049355686589477e-09
5.0524614750028015e-09
5.055535196991938e-09
5.058576688653334e-09
5.06158578709916e-09
5.064562335064904e-09
5.067506175542481e-09
5.070417156550134e-09
5.073295128206401e-09
5.0761399443939325e-09
5.078951461549947e-09
5.081729538264484e-09
5.084474038529339e-09
5.087184826962565e-09
5.0898617718611455e-09
5.092504745169534e-09
5.09511362165003e-09
5.0976882780512615e-09
5.100228595538365e-09
5.102734455590561e-09
5.10520574625651e-09
5.107642356489642e-09
5.110044177510603e-09
5.112411104823513e-09
5.114743036207479e-09
5.117039872548276e-09
5.11930151728419e-09
5.121527877014534e-09
5.123718860595822e-09
5.125874379866166e-09
5.127994350975961e-09
5.130078690837594e-09
5.1321273201404195e-09
5.134140161798005e-09
5.136117142495463e-09
5.1380581907466165e-09
5.139963238080384e-09
5.141832219116669e-09
5.1436650708345e-09
5.1454617329550376e-09
5.147222147415394e-09
5.148946260240701e-09
5.150634018573483e-09
5.152285373006459e-09
5.153900276433426e-09
5.155478684739977e-09
5.157020556452252e-09
5.158525852318816e-09
5.159994534993471e-09
5.16142657165953e-09
5.1628219309227335e-09
5.1641805831058365e-09
5.165502502322133e-09
5.166787664948684e-09
5.168036049293318e-09
5.169247636593328e-09
5.170422410607479e-09
5.171560357284404e-09
5.172661464794702e-09
5.173725725214509e-09
5.174753130357742e-09
5.175743676489823e-09
5.1766973616489076e-09
5.177614186379338e-09
5.178494153225902e-09
5.179337267908756e-09
5.180143536777882e-09
5.180912970048167e-09
5.181645579959254e-09
5.182341379622092e-09
5.1830003867660144e-09
5.183622619273828e-09
5.184208097984055e-09
5.18475684648417e-09
5.185268889370495e-09
5.185744254470775e-09
5.186182970543605e-09
5.186585070222671e-09
5.18695058673941e-09
5.187279555295035e-09
5.1875720149585596e-09
5.1878280046740135e-09
5.188047566718602e-09
5.188230745908703e-09
5.188377586875567e-09
5.188488138230212e-09
5.1885624497331926e-09
5.188600573768722e-09
5.1886025630120995e-09
5.188568474347285e-09
5.188498364828823e-09
5.188392293817895e-09
5.188250323104824e-09
5.18807251552399e-09
5.1878589359017235e-09
5.187609651142224e-09
5.187324730003933e-09
5.1870042432459935e-09
5.186648261920104e-09
5.1862568603928975e-09
5.185830114446254e-09
5.1853681008367665e-09
5.184870899192097e-09
5.184338589049166e-09
5.183771253054477e-09
5.183168975675262e-09
5.182531841701855e-09
5.181859937782173e-09
5.181153353198083e-09
5.1804121779405065e-09
5.179636503803439e-09
5.1788264237180836e-09
5.177982032088277e-09
5.177103425988937e-09
5.176190702067506e-09
5.1752439600811306e-09
5.174263300155202e-09
5.173248824015579e-09
5.172200635019414e-09
5.171118838601634e-09
5.170003539885249e-09
5.168854846251159e-09
5.167672866790599e-09
5.166457711093408e-09
5.165209490469143e-09
5.163928317452613e-09
5.162614306004405e-09
5.161267570673947e-09
5.159888227628855e-09
5.1584763947049955e-09
5.157032189641108e-09
5.155555733034802e-09
5.154047145233427e-09
5.152506548065698e-09
5.1509340645741405e-09
5.1493298193740295e-09
5.147693937195514e-09
5.146026544482906e-09
5.144327768919504e-09
5.142597737596581e-09
5.140836581755172e-09
5.1390444289745915e-09
5.137221413367909e-09
5.135367665188305e-09
5.133483318610977e-09
5.1315685070223265e-09
5.129623365265122e-09
5.127648030256731e-09
5.1256426374979865e-09
5.1236073248404445e-09
5.12154223112321e-09
5.119447494871432e-09
5.117323256322922e-09
5.1151696563578675e-09
5.112986836381853e-09
5.110774938759991e-09
5.108534105857535e-09
5.106264482852114e-09
5.1039662129002495e-09
5.101639440955355e-09
5.099284313831782e-09
5.0969009770189696e-09
5.0944895783468415e-09
5.0920502648883e-09
5.089583184929258e-09
5.087088487430627e-09
5.084566322645232e-09
5.082016839013264e-09
5.0794401885382745e-09
5.076836521251237e-09
5.074205990347945e-09
5.071548745458828e-09
5.068864940775576e-09
5.066154729332563e-09
5.063418264431411e-09
5.0606556999048875e-09
5.057867190020547e-09
5.055052889791327e-09
5.052212954087139e-09
5.049347539372659e-09
5.046456800081097e-09
5.043540893483969e-09
5.040599976088491e-09
5.037634205133414e-09
5.0346437373016475e-09
5.031628729847664e-09
5.0285893415242505e-09
5.025525730172555e-09
5.022438054101594e-09
5.019326471748217e-09
5.016191141936675e-09
5.013032224012055e-09
5.009849877179673e-09
5.006644261110281e-09
5.003415534946485e-09
5.000163858803709e-09
4.996889392799492e-09
4.993592296638064e-09
4.990272731234514e-09
4.986930856184488e-09
4.98356683255945e-09
4.980180820646228e-09
4.976772981103221e-09
4.973343474831671e-09
4.9698924619608146e-09
4.966420104488754e-09
4.962926562053439e-09
4.959411996466989e-09
4.955876568695737e-09
4.952320438692105e-09
4.948743767813939e-09
4.945146716680355e-09
4.941529446411408e-09
4.937892118320368e-09
4.934234892027244e-09
4.93055792917798e-09
4.926861389536704e-09
4.923145434172712e-09
4.919410223655526e-09
4.915655918113762e-09
4.9118826770831615e-09
4.9080906612675085e-09
4.9042800306852495e-09
4.900450944934598e-09
4.896603563503795e-09
4.892738046065762e-09
4.888854551513644e-09
4.884953240043706e-09
4.881034269151233e-09
4.87709779823705e-09
4.873143985959793e-09
4.86917299045929e-09
4.865184969881035e-09
4.86118008131639e-09
4.857158483130779e-09
4.853120332768828e-09
4.8490657860807485e-09
4.8449950018515724e-09
4.840908134255487e-09
4.836805341138897e-09
4.8326867779604314e-09
4.828552600400183e-09
4.8244029632722016e-09
4.820238022250315e-09
4.816057931145561e-09
4.811862845244432e-09
4.807652917947301e-09
4.803428302755414e-09
4.7991891533618295e-09
4.794935621975845e-09
4.790667861994755e-09
4.786386024802035e-09
4.782090262968041e-09
4.777780727095711e-09
4.7734575689867955e-09
4.76912093790189e-09
4.76477098537999e-09
4.760407860484526e-09
4.756031712435767e-09
4.7516426903763834e-09
4.74724094291118e-09
4.7428266174231575e-09
4.738399861826242e-09
4.733960823752997e-09
4.729509649232061e-09
4.725046484419843e-09
4.720571475304099e-09
4.71608476715081e-09
4.711586504370921e-09
4.7070768316488104e-09
4.7025558920378075e-09
4.698023830139e-09
4.6934807875545e-09
4.688926906638779e-09
4.6843623297054956e-09
4.679787198145874e-09
4.675201651412823e-09
4.670605831086726e-09
4.665999875804201e-09
4.661383925712718e-09
4.65675811848534e-09
4.652122592968518e-09
4.647477486273451e-09
4.6428229354062365e-09
4.638159076528041e-09
4.633486045399092e-09
4.6288039781628066e-09
4.624113008576227e-09
4.619413271696197e-09
4.6147049000700354e-09
4.609988027482771e-09
4.605262785680771e-09
4.600529307288913e-09
4.595787723158671e-09
4.591038163786324e-09
4.586280759484946e-09
4.581515639465328e-09
4.576742933132448e-09
4.5719627683445e-09
4.567175273031512e-09
4.562380573952147e-09
4.557578797466856e-09
4.552770069812351e-09
4.54795451644248e-09
4.543132261193877e-09
4.538303428269098e-09
4.533468141464525e-09
4.528626523560697e-09
4.52377869618389e-09
4.518924781315323e-09
4.514064899416876e-09
4.509199170557335e-09
4.5043277153260756e-09
4.499450652047838e-09
4.494568098953251e-09
4.489680173622792e-09
4.484786993868459e-09
4.479888675144742e-09
4.474985334266436e-09
4.4700770855963224e-09
4.465164043980425e-09
4.460246323176245e-09
4.455324036216582e-09
4.450397295987536e-09
4.445466214368526e-09
4.440530902447202e-09
4.435591470911091e-09
4.430648029508438e-09
4.425700687632993e-09
4.420749554442219e-09
4.415794736929443e-09
4.41083634348125e-09
4.40587447990841e-09
4.400909253210599e-09
4.395940767761982e-09
4.390969128782201e-09
4.385994440451991e-09
4.381016806336703e-09
4.376036328090546e-09
4.3710531090890484e-09
4.3660672502114985e-09
4.361078852480317e-09
4.356088015210356e-09
4.351094838770054e-09
4.346099421419285e-09
4.341101862159379e-09
4.3361022571719755e-09
4.331100704417721e-09
4.326097299691473e-09
4.321092138133298e-09
4.3160853152727356e-09
4.311076924527704e-09
4.3060670603601846e-09
4.301055814964051e-09
4.296043280949219e-09
4.291029549693166e-09
4.2860147122318655e-09
4.2809988591826065e-09
4.2759820790189755e-09
4.270964462674201e-09
4.265946096739956e-09
4.260927069388876e-09
4.255907467688084e-09
4.2508873786737295e-09
4.245866887188261e-09
4.240846078779298e-09
4.235825037342383e-09
4.2308038477325585e-09
4.225782592456769e-09
4.220761354096073e-09
4.215740214469705e-09
4.210719254559127e-09
4.205698555533732e-09
4.200678196699174e-09
4.1956582584652334e-09
4.190638818666078e-09
4.185619955414962e-09
4.180601746873631e-09
4.175584268721861e-09
4.170567597959952e-09
4.165551809916171e-09
4.160536979570184e-09
4.155523181107589e-09
4.1505104881978885e-09
4.145498973783718e-09
4.140488710681167e-09
4.135479770668284e-09
4.1304722251187906e-09
4.125466143636065e-09
4.120461597197256e-09
4.115458654865416e-09
4.110457385660462e-09
4.10545785692559e-09
4.100460137423853e-09
4.095464293688565e-09
4.090470390986113e-09
4.085478496683469e-09
4.080488674522423e-09
4.075500990253139e-09
4.070515507383049e-09
4.065532288843122e-09
4.060551398135484e-09
4.055572896955908e-09
4.0505968474140455e-09
4.0456233099023265e-09
4.040652345590573e-09
4.03568401370608e-09
4.030718373785373e-09
4.025755484528338e-09
4.020795404296414e-09
4.01583819021517e-09
4.0108838996264946e-09
4.0059325892369985e-09
4.00098431448994e-09
3.996039130625724e-09
3.991097093198125e-09
3.986158255145416e-09
3.981222671197459e-09
3.97629039358711e-09
3.971361475733291e-09
3.966435969675013e-09
