5.333333355617472
4.36539055939356e-16
6.288526966951287e-17
4.194820256691689e-17
2.9804051393735187e-17
2.016208392605759e-17
1.2814801741533953e-17
7.276927124597863e-18
4.0432343280720084e-18
3.1646112770751133e-18
2.2623106315195546e-16
2.6317244596996417e-18
4.610583814545526e-18
4.992214366916854e-18
1.282349582654883e-17
1.5539917706914072e-17
1.0058742552149365e-17
5.104522969142199e-18
3.8485745842880365e-18
4.3868410374844235e-18
4.8890093231359336e-18
4.900802278030919e-18
4.595058777211198e-18
4.160646576671374e-18
3.663654359407262e-18
3.113148356994643e-18
2.535212155881796e-18
1.9773692006776975e-18
1.4899678501673326e-18
1.102709347792713e-18
8.1777878489531825e-19
6.201082492265242e-19
4.873509122006141e-19
3.9894518934153906e-19
3.4011021378130416e-19
3.0323373690614195e-19
2.833282639981848e-19
2.7772604417519365e-19
2.831415985554462e-19
2.962614738802238e-19
3.1405559914319317e-19
3.3448375892753715e-19
3.5667012496157817e-19
3.8052781992794425e-19
4.061340982749075e-19
4.3277695884403475e-19
4.59458669739954e-19
4.8421670325945615e-19
5.053353118031989e-19
5.222240099275235e-19
5.276190480441299e-19
5.575969969426693e-19
5.848582391854674e-19
6.164899279749915e-19
6.462312692167332e-19
6.723772151545442e-19
6.904846287216028e-19
6.902144670342189e-19
6.612747311869901e-19
5.997863104806892e-19
5.074867386775634e-19
3.9674062140502766e-19
2.8386053973950035e-19
1.8840096037837846e-19
1.2805902625491263e-19
1.1642671599986359e-19
1.593084304468696e-19
2.540819645430055e-19
3.891762269688816e-19
5.471489415364984e-19
7.07203220665435e-19
8.488982999834132e-19
9.56072127670041e-19
1.0188060536587044e-18
1.0342514025380957e-18
1.0059462227751912e-18
9.419010814593762e-19
8.529504111353855e-19
7.499131462536677e-19
6.424185504237851e-19
5.368481672715545e-19
4.391705054154372e-19
3.5188509775305424e-19
2.771207924162561e-19
2.1489667714920157e-19
1.6572869120797968e-19
1.291418541672855e-19
1.0432726325191378e-19
8.965872082351969e-20
8.304116710960755e-20
8.205125446277591e-20
8.398779779368541e-20
8.664544930694082e-20
8.799575624187976e-20
8.713945079490392e-20
8.360368770931566e-20
7.763404625407784e-20
7.374780413598619e-20
4.9974485993499047e-20
1.4327545283596501e-19
7.378007645938106e-20
1.3200101123428276e-19
2.9919019795532713e-19
2.942469396668737e-19
7.023081382256322e-19
3.333207841815312e-19
6.809784217235837e-19
1.0969509013260686e-19
5.156183071258059e-19
2.434973206611249e-19
6.823893853485404e-19
5.89420892338328e-19
7.680057941808913e-19
5.482777588244945e-19
6.03436690432106e-19
2.662622018592963e-19
2.0724943822912412e-19
5.563310019108279e-20
1.9193992957731696e-20
1.2579385568068896e-19
5.306178424129012e-20
8.339382203077782e-20
1.3057467976316004e-19
4.9651395462903424e-20
7.601619581692223e-20
7.48457537042442e-20
8.804386866031084e-20
1.0963618028785712e-19
1.3686627443191156e-19
1.6104857860729212e-19
1.7350255606121664e-19
1.7593787485741121e-19
1.7420726292065262e-19
1.765113439515969e-19
1.859241529285892e-19
1.9851245387223326e-19
2.0561670059226764e-19
1.9999410668455293e-19
1.7929116231297996e-19
1.4755139543795905e-19
1.1197301681863193e-19
7.971134223069118e-20
5.537700318407574e-20
3.9350725234427226e-20
3.0304716586630665e-20
2.5552340568805073e-20
2.2659232125457067e-20
2.0154260894543513e-20
1.7384187697698912e-20
1.441429042687643e-20
1.1560242577972127e-20
9.021382403926712e-21
6.942592946970223e-21
5.291786500431006e-21
4.0490516274452466e-21
3.066306273370622e-21
2.2842627571884535e-21
1.693291510862494e-21
1.2637991913535576e-21
1.0215370795339565e-21
9.261002847457235e-22
9.40543733026821e-22
1.0423047010815199e-21
1.1557808113665835e-21
1.261970630984292e-21
1.3122766850884398e-21
1.3277335579891997e-21
1.3016397375034518e-21
1.2586610637844753e-21
1.19244442087191e-21
1.136268580753455e-21
1.076057246318384e-21
1.0241031668948852e-21
9.879634534374222e-22
9.52728371931055e-22
9.359001485397352e-22
9.233147562177203e-22
9.298831006424383e-22
9.463083621968286e-22
9.757573204000824e-22
1.018121714492457e-21
1.0528680804494314e-21
1.0938778487784021e-21
1.124936495166755e-21
1.1572447482252982e-21
1.1675754983694751e-21
1.1696558302606817e-21
1.1611042729800837e-21
1.1329036324450086e-21
1.1036718505380572e-21
1.067810808127429e-21
1.02234088321615e-21
9.780217681084098e-22
9.292047495508138e-22
8.782480258496833e-22
8.3428974508773605e-22
7.89112797913505e-22
7.58431921007569e-22
7.457314765050466e-22
6.961161374202662e-22
6.849408641815021e-22
6.522778325873335e-22
7.525708501225683e-22
6.37822029507981e-22
6.10384283454184e-22
5.883019377854659e-22
5.614141376730771e-22
5.193944705550485e-22
5.119014130659199e-22
4.865737921281297e-22
4.674946344371143e-22
4.471828688857629e-22
4.271250744912657e-22
4.1731278893835854e-22
4.18121040745491e-22
4.0451918244535414e-22
3.9153347256850966e-22
3.8827146787276625e-22
3.77043528226433e-22
3.6596928869503174e-22
3.628066781564599e-22
3.5549125242311856e-22
3.492689366575891e-22
3.452548275167927e-22
3.392957529541771e-22
3.2805055627670004e-22
3.493682666889316e-22
3.236544442435069e-22
3.286365534260623e-22
3.2500925219451405e-22
3.19251630165816e-22
3.125377084712416e-22
3.0778146172410123e-22
2.9845384777039437e-22
2.9457195757801113e-22
2.9467581462716392e-22
2.971771820238476e-22
2.958292538200951e-22
2.8527963558261123e-22
2.831757590982564e-22
2.7700355593391454e-22
2.732263774284565e-22
2.7175826179587865e-22
2.683967817769603e-22
2.622511468197254e-22
2.5954806582471075e-22
2.5585604585527065e-22
2.5133033844972873e-22
2.493513302064417e-22
2.4534270694726208e-22
2.4067136135739545e-22
2.391546374809254e-22
2.317945320252172e-22
2.3144334017225823e-22
2.2536733897479546e-22
2.2298603039121153e-22
2.2011246193508783e-22
2.1778978544629765e-22
2.1213159347337215e-22
2.0978010800030238e-22
2.072036720411508e-22
2.0381009094257573e-22
2.0032837448686414e-22
1.9714681377462886e-22
1.9450643654779418e-22
1.919031551511773e-22
1.890090584034829e-22
1.841907988126352e-22
1.8277630453343193e-22
1.8098911552456095e-22
1.7602092767213113e-22
1.7497669271869723e-22
1.704812470628725e-22
1.6824966861786744e-22
1.6684968388499893e-22
1.627524983907475e-22
1.599150784711332e-22
1.5765495699752232e-22
1.5652331296645531e-22
1.5301186997866903e-22
1.5001222313956975e-22
1.4927092797436582e-22
1.4665164489208959e-22
1.4429194629735094e-22
1.4229225991283432e-22
1.4021170112797754e-22
1.3771255312205176e-22
1.3665819252163163e-22
1.3372422335493324e-22
1.3420972670875696e-22
1.3379103451134878e-22
1.2984638864275656e-22
1.2972640444038663e-22
1.2813919306984666e-22
1.2444218203343448e-22
1.224716996617367e-22
1.1940122433823283e-22
1.1827478449183032e-22
1.1827242466977489e-22
1.1680736180720319e-22
1.1555259525569802e-22
1.1472888021946017e-22
1.1331067011337467e-22
1.115201621866016e-22
1.1118668976836228e-22
1.0920826167162822e-22
1.1080766014437063e-22
1.0685327825014202e-22
1.0821254740744552e-22
1.0538546395229569e-22
1.0403404323761337e-22
1.0314369653714117e-22
1.0290392838654345e-22
1.0220767124111207e-22
9.976993411601139e-23
9.914637010247182e-23
9.860437361239763e-23
9.656515633506189e-23
9.59590768265471e-23
9.354344966545878e-23
9.363643089796195e-23
9.14489943890661e-23
9.168184682428723e-23
8.947545967628129e-23
8.862538096910201e-23
8.763104347012796e-23
8.658964876764959e-23
8.512693004357152e-23
8.471062026259124e-23
8.333891048443272e-23
8.23392519403421e-23
8.230833886738635e-23
8.089060748482462e-23
7.873215009410662e-23
7.876096159277279e-23
7.749497926753621e-23
7.694280649709955e-23
7.60295355843496e-23
7.616847766012963e-23
7.359926318079465e-23
7.326720963049488e-23
7.295746209642037e-23
7.114730620299075e-23
7.05669276887146e-23
6.960206495604775e-23
6.927879654000901e-23
6.874680083559303e-23
6.844291397517662e-23
6.607856859834525e-23
6.61033071468793e-23
6.574356852019027e-23
6.449254606396933e-23
6.363666488022134e-23
6.26888613284288e-23
6.249029317585593e-23
6.105005196600146e-23
6.178948236492219e-23
6.035167775953329e-23
6.019923890345705e-23
5.796991915277043e-23
5.803177465102661e-23
5.710411889524361e-23
5.66556432864272e-23
5.534489399181049e-23
5.547051825405808e-23
5.464298747543981e-23
5.788465050505606e-23
5.774042396234697e-23
5.731029910437993e-23
5.641624392215936e-23
5.482762752014132e-23
5.441531514219431e-23
5.363331542514787e-23
5.2480350344322035e-23
5.173647214532428e-23
5.0948233342360704e-23
4.897483217851522e-23
4.8785982968473247e-23
4.661524294372979e-23
4.5740549009844715e-23
4.4387502752446906e-23
4.3889060476705937e-23
4.2882329311636676e-23
4.130923612731166e-23
4.232820478661148e-23
4.087446560617754e-23
4.1697760008927424e-23
4.057306012623954e-23
4.074876390112342e-23
4.0559725062647975e-23
4.155430248435774e-23
4.023212722879374e-23
4.0200015456618024e-23
4.026212015302642e-23
3.9970752317637014e-23
3.949602518063137e-23
3.8428265222328525e-23
3.776421937722861e-23
3.862146256531352e-23
3.676039431985969e-23
3.655303709905419e-23
3.589740957409259e-23
3.556451197716075e-23
3.443838698614753e-23
3.4452109067960335e-23
3.3730694487812066e-23
3.389892044471176e-23
3.284850672523485e-23
3.306632882146824e-23
3.2243494501169137e-23
3.2231363755160264e-23
3.1815312539436513e-23
3.116634388357252e-23
2.981298887203756e-23
3.083341799730724e-23
3.1718157951233636e-23
3.025372610209595e-23
2.9767585965073556e-23
3.064805470258809e-23
3.004290451106556e-23
3.0631101966607755e-23
2.894443681114433e-23
2.928434312600901e-23
3.0020579800662334e-23
2.9476930014539153e-23
2.787418513554099e-23
2.8689930097936394e-23
2.7608308063412405e-23
2.888487370767024e-23
2.6477170672339945e-23
2.7080153318839764e-23
2.708805701218243e-23
2.663330561861333e-23
2.5389497342772286e-23
2.6331809791494037e-23
2.4411835829397423e-23
2.520993502451889e-23
2.463581552503608e-23
2.4272907400883865e-23
2.452291909144139e-23
2.3521638644933547e-23
2.2738219280288848e-23
2.398099662575379e-23
2.2656421232695476e-23
2.2432203621962746e-23
2.210216493982022e-23
2.242229617684437e-23
2.2080241426208966e-23
2.1009975473155804e-23
2.1970863050405798e-23
2.0724798576157593e-23
2.0370454600773206e-23
2.1300031127917313e-23
1.9890064519532016e-23
2.0168126161242087e-23
1.9322970156040762e-23
1.9260102468940168e-23
1.9162706420728268e-23
1.8371899197755083e-23
1.884673317400434e-23
1.8627276153957096e-23
1.806094633159547e-23
1.740664597807647e-23
1.813005006104101e-23
1.7480053167518045e-23
1.7228700884043085e-23
1.681384209570121e-23
1.7337488857483936e-23
1.5884706311478812e-23
1.7060881590638984e-23
1.5581507369664153e-23
1.6223618408807898e-23
1.5452940639173317e-23
1.513408196098325e-23
1.5656857174723347e-23
1.5210545594131327e-23
1.454203505928848e-23
1.463081044751351e-23
1.4397865610901714e-23
1.425321680978481e-23
1.4221701151520533e-23
1.4060052876899573e-23
1.336116451647562e-23
1.3784081050168655e-23
1.3233870482440554e-23
1.3310802632000992e-23
1.2553749260130591e-23
1.3219670083413899e-23
1.2584909180193859e-23
1.2733380008653315e-23
1.1805607831744433e-23
1.2326013940092496e-23
1.2223206142346557e-23
1.1883396088656619e-23
1.1310291132288437e-23
1.1759222845715616e-23
1.1686570389453341e-23
1.0879654286030132e-23
1.1278604267147722e-23
1.1035771680841291e-23
1.0893891400425905e-23
1.0707558506013296e-23
1.0145235444397543e-23
1.0907345366694706e-23
1.0248591286760499e-23
9.853479801943151e-24
1.0262983485152057e-23
9.42942544963427e-24
1.0026505732654337e-23
9.816130550721067e-24
9.046227035520355e-24
9.747364365715515e-24
8.751086069336005e-24
9.217918342179447e-24
9.173663593810425e-24
9.067625999786076e-24
8.285893498736968e-24
8.8437048476138e-24
8.179819283226922e-24
8.771699765782726e-24
8.156223242237697e-24
8.620302700489812e-24
7.924328501832295e-24
7.810655587947482e-24
7.939874737327305e-24
7.731537798585252e-24
7.76920874743424e-24
7.762309149519033e-24
7.230553164192493e-24
7.632058568890063e-24
7.32200968640633e-24
6.947516450198318e-24
7.581056457860385e-24
6.979249218119128e-24
6.715100972121014e-24
7.086281676753225e-24
6.4948299531979606e-24
7.099831171425356e-24
6.339384928657841e-24
6.777172585111598e-24
6.1870842069513416e-24
6.652759347397748e-24
6.002508054065462e-24
6.330604074743543e-24
6.2239245942965105e-24
5.947933426165704e-24
6.109684272627571e-24
5.960107586033914e-24
5.719674553399316e-24
5.680238394362583e-24
5.975702705970596e-24
5.225563426008337e-24
5.6176404709764826e-24
5.759140613761943e-24
5.0506690052119426e-24
5.5908232113574175e-24
5.3991909256351155e-24
4.727709889726276e-24
5.734354114461906e-24
5.032387244989029e-24
4.638149071388201e-24
5.3286855860116624e-24
4.642282293950337e-24
5.278756060028401e-24
4.5428701557145005e-24
5.1813447934948524e-24
4.36859950684152e-24
4.634661422415977e-24
4.768309012112003e-24
4.688449490651546e-24
4.352162602698544e-24
4.616666040334359e-24
3.8993832749526476e-24
4.522440825891683e-24
4.598022587584942e-24
4.272652658227637e-24
4.009786023702831e-24
4.206427886303242e-24
3.9341038892743436e-24
4.227647336909398e-24
3.9558900883854334e-24
3.958074935884949e-24
3.8238476361129315e-24
3.89287971787394e-24
3.733274603180495e-24
4.029613062715458e-24
3.7261289246763526e-24
3.917401035887587e-24
3.473481917231341e-24
3.677605671814198e-24
3.6449343026961616e-24
3.5178680718338744e-24
3.518741439756041e-24
3.349700714875067e-24
3.5540176479594845e-24
3.215930205419325e-24
3.511339916140152e-24
3.3057572618569665e-24
3.443764809912744e-24
3.163487339324979e-24
3.318152510635895e-24
3.388388109252462e-24
2.9277362217748112e-24
3.148021493414925e-24
3.045008283205694e-24
2.8759284984283242e-24
3.4123554083816465e-24
3.41144289553856e-24
2.5736424725136676e-24
3.0076941485774046e-24
3.040737919839614e-24
2.9019115990235834e-24
2.9357490594655172e-24
2.715929668792881e-24
3.0150563512597315e-24
2.9225448779923778e-24
2.8051737096959243e-24
2.5317324523971585e-24
2.5794345948646622e-24
2.900204296622306e-24
2.5956099781767436e-24
2.768677893145044e-24
2.7100023323603962e-24
2.5322507230352855e-24
2.867567799936098e-24
2.597174828543903e-24
2.3025204320787787e-24
2.777092568629312e-24
2.49268128233887e-24
2.373713646437902e-24
2.7576478212705233e-24
2.3767160117026357e-24
2.4776591485759734e-24
2.395448549674003e-24
2.3625305107578893e-24
2.4658705197322218e-24
2.3041468502528498e-24
2.7061352560213397e-24
2.1818794216108827e-24
2.3947526635344844e-24
2.398303627609354e-24
2.4568979547927846e-24
2.1662272273177907e-24
2.2253090264025387e-24
2.4091359050000558e-24
2.1178693142603507e-24
2.3180342349239983e-24
2.0401200672588305e-24
2.5186391309525193e-24
2.113300953235533e-24
2.189634931660309e-24
2.158699324102813e-24
2.2567160424206162e-24
2.1859662068826508e-24
2.1482110012507917e-24
2.3804304469341732e-24
1.8656536800516035e-24
2.2209014491825806e-24
2.1280414981676177e-24
2.0494544170477037e-24
2.2077817839673356e-24
2.1129532057531887e-24
2.0863100556939764e-24
2.0393737192356165e-24
2.0511952669300266e-24
2.2738094713217483e-24
1.861256792883236e-24
2.1891310770479956e-24
2.1007528976610783e-24
2.2443047636169003e-24
1.981143250133349e-24
2.0300421375373136e-24
2.064811273325638e-24
1.93240862471207e-24
2.2413562762588542e-24
1.962223741758892e-24
1.9658790293133145e-24
2.134102651741178e-24
2.0492115816740996e-24
2.0769277383505107e-24
1.999268676547216e-24
1.975616053000864e-24
2.07094871990476e-24
1.9932978783755494e-24
2.0747706075555957e-24
1.903521474366643e-24
2.0734855275270734e-24
2.079750280650495e-24
2.0962372826750765e-24
1.898642269250083e-24
1.938818704234181e-24
2.013245373763351e-24
2.173343003848098e-24
1.897377854286103e-24
2.1700975128034044e-24
2.0024664599344203e-24
2.0835762780888133e-24
2.0769524570518043e-24
1.9242925559213693e-24
1.9909774080194294e-24
2.0449093359306054e-24
1.930065175602938e-24
2.000399480193999e-24
2.0114783479637657e-24
2.0840591786089897e-24
1.8780331999936605e-24
1.9326088065922397e-24
1.9693475546666653e-24
2.1730945677642443e-24
2.0134188467836014e-24
1.8748377759166314e-24
1.967155769407601e-24
2.0214389995217794e-24
1.8709743442745716e-24
2.093856919172789e-24
1.9593471035419982e-24
2.1544746932679565e-24
2.0551021023322637e-24
1.9814422108477483e-24
2.0141746957899015e-24
2.0126768697817376e-24
2.063520285057167e-24
1.8756707254605226e-24
2.1485366190776585e-24
1.9243605487201704e-24
1.9466482622650956e-24
1.9788672342734935e-24
2.03571354066539e-24
2.048489244490487e-24
1.9334193255360106e-24
1.9865090267944198e-24
1.908605844851608e-24
1.942805675945072e-24
2.1023129592972333e-24
1.9946614742407307e-24
1.8653909145579877e-24
1.9725638172481207e-24
2.0970801824588897e-24
1.782681079366152e-24
2.1636927717201443e-24
2.038977337564789e-24
1.77882084880977e-24
1.9616381837228547e-24
1.9757069606066164e-24
1.940615862613667e-24
1.9003785284439113e-24
2.1337087357309038e-24
1.865673542904751e-24
1.9723734164373745e-24
1.8103690767120397e-24
2.0258959152321047e-24
1.834573823499196e-24
1.932521457919487e-24
1.947360002516887e-24
1.922965700745318e-24
1.9230245551986915e-24
1.9470801482665337e-24
1.8798036400515977e-24
2.0358883891444604e-24
1.8068003655397355e-24
1.906310458375323e-24
1.916346448714477e-24
1.7783355303946386e-24
1.8954862259544514e-24
2.010844047405067e-24
1.8165482790643196e-24
1.981571361476345e-24
1.9131762364869993e-24
1.7245493739393805e-24
1.8546082811488155e-24
1.9149469174089203e-24
1.820516340708371e-24
1.7842321018522233e-24
1.89360907740979e-24
1.7392962063742053e-24
1.8003791566683273e-24
1.8315391392779626e-24
1.9239108370669886e-24
1.7329709957143367e-24
1.7262679446807323e-24
1.8715213597805616e-24
1.6792348520392617e-24
1.703595148819647e-24
1.9014346633027795e-24
1.6474136797957068e-24
1.7681284325032325e-24
1.841123584726142e-24
1.672715978172038e-24
1.71029197789972e-24
1.701481371216219e-24
1.5880703833375431e-24
1.8412822251882368e-24
1.709031124855439e-24
1.7847989557903608e-24
1.6446311199586017e-24
1.647917531856558e-24
1.5207973517084253e-24
1.678652990805564e-24
1.7118196133680686e-24
1.5957354909312912e-24
1.7456961790855756e-24
1.5525465188622519e-24
1.5830625601801611e-24
1.4829373621813055e-24
1.5640786817271844e-24
1.57925235678943e-24
1.5891645961323895e-24
1.5327147665424379e-24
1.776367189548943e-24
1.578605150586777e-24
1.342003383531737e-24
1.636980996780686e-24
1.3837321601649175e-24
1.5591604475537335e-24
1.4336770881386853e-24
1.460540618184549e-24
1.5522367609975232e-24
1.4222388634407536e-24
1.3738504336782432e-24
1.4389864966564266e-24
1.4599553279515847e-24
1.4162227410667054e-24
1.4088051234631142e-24
1.3622888051836411e-24
1.485112930785121e-24
1.3207921463051413e-24
1.4066635280396767e-24
1.3482389121309525e-24
1.3698419580682853e-24
1.303047183323611e-24
1.4089607190526228e-24
1.1987279471405494e-24
1.2370985019225099e-24
1.2409129852434287e-24
1.2538871092835744e-24
1.3554755958214828e-24
1.3009337379491468e-24
1.2868229768511127e-24
1.1959486845721556e-24
1.2726255118621992e-24
1.2131067922699719e-24
1.1191443554700741e-24
1.471985729331236e-24
1.1276768365540913e-24
1.199812700334827e-24
1.1209162311678272e-24
1.2933786620293859e-24
1.1876793718709231e-24
1.1610157236327129e-24
1.081963827942944e-24
1.0572019393438661e-24
1.1119490827494316e-24
1.1402606616541484e-24
1.013019968805181e-24
1.0488794534167732e-24
1.0896658101828037e-24
9.725528815031878e-25
1.0533611696273854e-24
1.0555436899537703e-24
1.0745897597195182e-24
9.51679490707739e-25
1.0468837921479716e-24
9.582658504189813e-25
9.612463716904158e-25
1.0564056113835127e-24
9.31311983439274e-25
9.489853140011492e-25
1.0680406916253655e-24
9.031251682110853e-25
9.062092460850456e-25
8.69132278798649e-25
1.0239811325581328e-24
8.235425366199441e-25
8.480089052443182e-25
8.2528177060296905e-25
8.445628145795246e-25
8.725537628555682e-25
8.395175202074967e-25
9.487916398857908e-25
7.878638449403578e-25
9.840034508623863e-25
7.755409826351148e-25
8.682788831865292e-25
7.490982138188583e-25
7.751129413715567e-25
7.144417361747425e-25
7.892368864800677e-25
9.138217571345817e-25
7.361853915920558e-25
7.483003594428281e-25
6.768985035809949e-25
9.703896624985965e-25
6.837759559551867e-25
5.958311841684913e-25
7.687802331700771e-25
6.63372453156703e-25
7.229723182698314e-25
7.939295817741221e-25
6.263488163984151e-25
6.02804432045491e-25
5.775932105368242e-25
6.799801269361081e-25
5.951751082778033e-25
6.568161825719296e-25
5.693579250138436e-25
6.374854266114077e-25
5.601700097758047e-25
6.06354776160044e-25
5.775611218631948e-25
5.635566293734795e-25
4.913784470363001e-25
5.752792976002134e-25
6.188929907705074e-25
5.396386434846282e-25
4.691395274452722e-25
6.0515806633823e-25
4.305197092691034e-25
5.716556107868751e-25
5.169442838950533e-25
5.419840180258376e-25
4.307166247558094e-25
4.862600609840464e-25
5.527166079160398e-25
3.8451769748530274e-25
4.530534109730883e-25
5.8269689434565035e-25
3.951699449378556e-25
4.310597335366667e-25
4.180737046262834e-25
5.538063994146662e-25
3.950205750819245e-25
4.515946439828401e-25
4.392326951819057e-25
3.594340090000563e-25
4.326370222369235e-25
4.597747044241868e-25
3.4978471565318075e-25
3.6699423959951376e-25
4.018284249927457e-25
4.147834841323158e-25
2.920048467849683e-25
4.58517720139096e-25
4.164363163049517e-25
3.016137032689503e-25
2.8429910678906464e-25
4.358826947649163e-25
3.344174758569728e-25
3.381999023269015e-25
3.3504689521036816e-25
3.59191313236116e-25
3.0802973098190357e-25
3.1386738136927327e-25
2.8203068601368634e-25
4.436907680682216e-25
3.1755289373392207e-25
4.0700741583766737e-25
2.414029570523905e-25
3.2816268340677783e-25
3.5054736239274567e-25
2.9329737700185997e-25
2.122523418750009e-25
2.9407028149445615e-25
2.972119437163728e-25
2.3273164787274234e-25
2.6133610592418295e-25
2.280272399768305e-25
2.5125639911465102e-25
3.9862110601788953e-25
2.8596115027254923e-25
2.349407723243146e-25
2.424850086582035e-25
2.513361429585491e-25
1.9451564836656875e-25
2.882744428124974e-25
1.7250254932843938e-25
2.607710048014093e-25
2.8529678958827464e-25
2.77748088968465e-25
2.4733099327155825e-25
1.6862488679959992e-25
2.1822825308363707e-25
2.6723157650455557e-25
1.4148638707907863e-25
2.1427396608562015e-25
1.9428813738378592e-25
1.6059345763169142e-25
1.7675788117057117e-25
2.052496536361858e-25
1.8198886693708359e-25
1.8839173676814873e-25
1.463358703258829e-25
1.554983866427178e-25
1.4733691916701852e-25
2.148807190718439e-25
1.7720387416024725e-25
4.7805611960834245e-25
1.7510119989200082e-25
1.2164825673555577e-25
1.2587399799569852e-25
1.5560519547743498e-25
2.0580524415513528e-25
9.245149650062442e-26
2.866424376684331e-25
1.1339094491086082e-25
1.2563920010184146e-25
1.5972152433949477e-25
2.224760473399719e-25
1.1106154060778913e-25
1.1219398796815558e-25
2.377953874384023e-25
1.5891859638997147e-25
2.0372095001242742e-25
1.2286086820003345e-25
1.0576015275034386e-25
1.1091645461588185e-25
1.2001932351115342e-25
1.0477707534825145e-25
9.010154548503483e-26
1.7128469026086168e-25
1.7942827239946865e-25
1.1441674473799219e-25
1.2601562139315195e-25
9.132637764655753e-26
9.967720812085181e-26
9.725719649011953e-26
1.8947016146347969e-25
9.026996903016053e-26
1.6498951955222511e-25
1.0315140196396853e-25
1.2426047343921382e-25
1.5674677715693643e-25
1.1442635063066459e-25
8.720084599554068e-26
1.045227278458869e-25
7.16644601540866e-26
1.4719307332775036e-25
1.1990315529947401e-25
1.3314904862818669e-25
8.523084936845463e-26
8.624800515385579e-26
9.0189734559854e-26
1.9034071432405488e-25
1.067066494796304e-25
8.561562874589464e-26
9.710786507396055e-26
8.183632595502246e-26
1.1541131242280805e-25
2.635203279942956e-25
9.065920993768074e-26
1.1776488924710307e-25
9.324396621198933e-26
1.1182866534235906e-25
8.768543350192692e-26
8.745926646477537e-26
1.1929163110017666e-25
1.3070459276393526e-25
8.905672374023873e-26
1.0856452377165022e-25
8.708967525016129e-26
6.704543599500547e-26
7.574311941031158e-26
7.17884740398554e-26
1.314419851983105e-25
8.611859325535332e-26
6.770341676363773e-26
1.1950607983279093e-25
8.479856252421766e-26
7.614176140393841e-26
9.665076426375437e-26
8.547763156155193e-26
1.0351254272325234e-25
3.8541548021986002e-25
1.0883071444490272e-25
6.361076441833202e-26
1.0814455000059548e-25
6.709257342590488e-26
6.591534057402226e-26
1.3420362593209645e-25
2.1713936077823466e-25
1.0457446381098859e-25
2.0126136418207048e-25
1.1520437312450138e-25
6.599110977905462e-26
8.008212781142273e-26
1.015195734196843e-25
8.441882830877298e-26
1.498391599947941e-25
2.164356209602085e-25
9.535934457707991e-26
7.670633317749217e-26
9.366565566415977e-26
1.1284369605532602e-25
1.0917868819448732e-25
1.072173346162661e-25
8.470435365859613e-26
9.225970234055782e-26
1.0609223340896543e-25
9.773150456510428e-26
8.672840451176724e-26
6.849205870825546e-26
6.977184526038963e-26
1.5135374045937722e-25
1.0829338213306945e-25
1.5302795058019848e-25
8.278072543672488e-26
6.886842368936837e-26
9.912873135320664e-26
6.481768038398015e-26
1.134065032463545e-25
8.267641122283917e-26
9.166773837476763e-26
8.091147648756845e-26
1.42782436616482e-25
7.316035804538641e-26
1.185501936749155e-25
9.745350751267339e-26
2.2092729143686423e-25
2.8117584512172864e-25
1.549511395657492e-25
1.173065275317315e-25
1.5860680438053408e-25
8.495058589189854e-26
1.0351829815136996e-25
9.420926067220644e-26
9.011675929784463e-26
1.3469720442714668e-25
9.648743065425566e-26
7.25374862482202e-26
1.054009909938679e-25
1.525482921523725e-25
1.0262646050291983e-25
1.0282643595763888e-25
1.9101497514112052e-25
8.158216838853199e-26
1.6988230643012625e-25
8.203614196019835e-26
1.7238375354446812e-25
1.0689454601198645e-25
1.0004528904485977e-25
1.4219415866130367e-25
1.0639169623969853e-25
1.0202692876808962e-25
1.158259473410434e-25
1.4670056791029133e-25
1.454322559022786e-25
9.009247560094304e-26
1.8645784195347948e-25
7.101673032697009e-26
1.4517801270890604e-25
1.5113361059176845e-25
1.2065715135945045e-25
1.3118677710569886e-25
9.151120357089575e-26
1.4662110714932032e-25
1.1050710900663592e-25
1.3775143521197088e-25
9.276185536445208e-26
1.2355517738406907e-25
1.1912922342319322e-25
1.0942968624660251e-25
1.25629411171119e-25
1.549739124111722e-25
1.1074467636410175e-25
8.678387471291895e-26
1.3122857910721877e-25
1.1450559932974533e-25
1.2833869748052603e-25
1.1817604521512486e-25
9.930556931445973e-26
1.4559915885399895e-25
9.648767364408609e-26
1.1266719243639486e-25
9.479736716698382e-26
1.2396858023467325e-25
1.5744743059159536e-25
1.3122964758697563e-25
1.9542636207461029e-25
2.090214093939632e-25
8.550416374196501e-26
1.1864867725468718e-25
1.2302289828710671e-25
1.5550134492354619e-25
1.339450438230026e-25
1.7940639847525088e-25
1.0424342077763804e-25
1.164293540195161e-25
1.2599125566838522e-25
1.3773404876459885e-25
1.3616492882903377e-25
1.3584543939421995e-25
8.877748756684476e-26
1.5078757973187083e-25
1.265252012655245e-25
1.4165156835486147e-25
1.137695171226444e-25
1.206419788223215e-25
1.7692312759692894e-25
1.3474745132587912e-25
1.301294066528281e-25
1.1042382791278097e-25
1.6016780532754458e-25
1.3823004678235879e-25
1.5068903416709602e-25
1.463452182001576e-25
1.4076582198155267e-25
1.1047035368799882e-25
1.197522862301472e-25
1.0237181307354041e-25
1.3236794680078128e-25
1.817648825886751e-25
1.474929920725561e-25
1.2470387949815598e-25
1.2840917617360004e-25
1.3006512994928922e-25
1.538619929498623e-25
1.287430877580687e-25
1.3770715384913054e-25
1.6191573762920268e-25
1.385259309630081e-25
1.488201264744317e-25
9.044887738543574e-26
1.5625180237014017e-25
1.2689438316726793e-25
1.3311241681430354e-25
1.5627095674079144e-25
9.878240066635134e-26
1.264985499418615e-25
1.0821420009776548e-25
1.5997768972667624e-25
9.601258762464403e-26
1.4859751197073657e-25
2.2478483558218235e-25
1.462149451905837e-25
1.3609373255074145e-25
1.250385391621693e-25
1.2233855628639872e-25
1.23863874237888e-25
1.7742414208680835e-25
1.7535832282579962e-25
1.1898178101754774e-25
1.3566899921813287e-25
1.2954095474196295e-25
1.1581032270851785e-25
1.3467655969512968e-25
1.749895846168001e-25
1.1728020034996446e-25
1.3012768560443705e-25
1.4941542281988425e-25
2.921429413302762e-25
1.4863724494561278e-25
1.129496792628921e-25
1.3953054741941928e-25
1.2017292318736635e-25
1.51791253235749e-25
1.3556150320653598e-25
1.220267286166655e-25
1.4213707954363054e-25
1.0597158239935178e-25
1.5334386703232368e-25
1.742969764303247e-25
1.3032233855324224e-25
1.3117625727259201e-25
1.6678217719878214e-25
1.604719895019471e-25
2.3244870373744455e-25
9.534296089383387e-26
1.4087156578925343e-25
1.0684228886975869e-25
2.0325715390585027e-25
1.1684515400560555e-25
1.3954206013924185e-25
1.548399913481245e-25
1.522297718965413e-25
1.458372101966723e-25
1.6366468138102657e-25
1.1132106824696305e-25
1.9013723077297239e-25
1.8302364536027013e-25
1.6553315473046573e-25
6.487830294465276e-26
1.8664863419280521e-25
1.5405621002384968e-25
1.3554854470184228e-25
1.0506545406730174e-25
1.6138264127160185e-25
1.5253764600763823e-25
1.1350973060083676e-25
1.678750354358698e-25
1.6203156439677503e-25
1.198839459553546e-25
1.6659400312502624e-25
1.165939227644351e-25
1.7313959888294032e-25
1.4135581436946058e-25
2.476842342626526e-25
1.1449343071091019e-25
1.4333686458437603e-25
1.2313629560507025e-25
1.3296958000922076e-25
1.4818929440743237e-25
1.1445844091743798e-25
1.2843586311332947e-25
1.5195057181440948e-25
1.49241552947104e-25
1.4281271107621068e-25
2.6151662296462226e-25
1.169654334197578e-25
1.73475437331332e-25
1.3787792478737008e-25
1.4686887740947262e-25
1.086235023575545e-25
1.3690328960292621e-25
1.4275471226776694e-25
2.8014243983472727e-25
2.6627134414116056e-25
1.2961259884285038e-25
2.395275106706897e-25
2.125682510989099e-25
1.2500118912750817e-25
1.5490550761666465e-25
1.3407808011283193e-25
1.5914301535791705e-25
1.361975593530938e-25
1.2469485239791182e-25
1.0605369174023329e-25
1.3895665664316967e-25
1.9211876552742986e-25
1.627661379166011e-25
2.016072685281086e-25
2.6156192790135946e-25
1.9265772304589954e-25
2.2469194705677474e-25
1.1626192796000733e-25
1.3942240626571828e-25
9.349068855462934e-26
1.7638282493959346e-25
1.792721569378762e-25
1.115731641915539e-25
1.7080983657024162e-25
1.3417779869807258e-25
1.3231317307108603e-25
1.5522072540899494e-25
1.3393779574593772e-25
1.3440955425745536e-25
1.513690733885943e-25
1.2887903498401841e-25
1.3163661887413693e-25
1.1325988847986438e-25
1.2448127840993019e-25
1.6626616237747874e-25
1.1962645505088637e-25
1.7780405600736678e-25
1.2023444037347125e-25
1.7397812313996694e-25
1.0176663485710307e-25
1.4565713113127104e-25
1.5350687853632528e-25
1.0133774061936134e-25
1.5425484072317664e-25
1.0663389566589474e-25
1.4399726887526513e-25
1.4986285634769973e-25
2.121700931406597e-25
1.4404208225947975e-25
1.306885205677562e-25
1.6446606661225501e-25
1.550808185364841e-25
1.4610396774513437e-25
1.3660240879569865e-25
1.3408248835394973e-25
1.3078685158130924e-25
1.479086680122503e-25
1.219028868047175e-25
1.1112892959306724e-25
1.314392208672934e-25
1.1104955417142707e-25
1.181951519749389e-25
1.2386050924288953e-25
1.4914771789331525e-25
9.898659531314528e-26
1.855789177496034e-25
1.6466653347896318e-25
1.2372571296590274e-25
1.4248043403063962e-25
1.6111640192944763e-25
2.456615361363235e-25
3.3427892086989556e-25
2.6944702408209316e-25
1.4685064282836767e-25
1.4904143597058783e-25
1.9055337740868306e-25
1.648736212733671e-25
1.8032706197621234e-25
2.0584832252057386e-25
1.7245706988121852e-25
1.0760998422826264e-25
1.3034834746650206e-25
1.4768297957728872e-25
2.1826937533445678e-25
1.2624979567483013e-25
1.3602309772339726e-25
1.5715478152260816e-25
1.155536517447183e-25
1.6413893886743822e-25
1.053452753551187e-25
1.2793848504219424e-25
1.1982689738706898e-25
1.3646763138361867e-25
1.3040791701476837e-25
1.4988440309228545e-25
1.2421134534210255e-25
1.3477859855983803e-25
8.685205509689502e-26
1.421605968368898e-25
1.2041068013453892e-25
1.3473246300389415e-25
1.268712220576706e-25
1.1461324892933229e-25
1.2425915573315105e-25
1.102865720651916e-25
9.621772164791214e-26
1.118941455458232e-25
1.3462915485013885e-25
1.1532435217983589e-25
9.48987326403623e-26
1.8797773184339534e-25
1.182389293242594e-25
1.4009010516352442e-25
1.33398830816079e-25
1.0796803705210705e-25
1.138378268055807e-25
1.1414671059081716e-25
1.2254569645983057e-25
1.4861532317618673e-25
7.558227099794562e-26
1.158509007480041e-25
2.4303890029381728e-25
1.3943077801984216e-25
1.2517551032876763e-25
1.0053857284396345e-25
1.2928202138395568e-25
1.0705502722639843e-25
1.0722572676798078e-25
1.4352734462893223e-25
1.0678703284989895e-25
1.0679580168360372e-25
1.0193662246571565e-25
1.32208403528499e-25
1.220453354134986e-25
9.330529178646374e-26
1.5837009495166813e-25
9.210058360284647e-26
1.2560754016778163e-25
1.3357520191269028e-25
1.0614428793301432e-25
8.971189373763213e-26
1.091434076703802e-25
1.2308289325137942e-25
8.395591481391276e-26
9.693211881863004e-26
1.8585637358384934e-25
1.5121419811241925e-25
2.091395147569913e-25
1.0941497114639132e-25
1.2405414781877852e-25
1.4794523508538018e-25
8.089118125063375e-26
1.1510854590319394e-25
1.2239190611598595e-25
1.0313722022604199e-25
1.6320835932840397e-25
1.3131916900655558e-25
1.3077921185115614e-25
1.1315855068552018e-25
1.1939423703121205e-25
9.300891303246413e-26
1.0263743910886134e-25
1.0297438082755139e-25
1.6420759336198558e-25
7.936170941681831e-26
1.6074698685961894e-25
1.605598260376485e-25
1.3157044403748698e-25
1.8405575600035365e-25
1.057040005269662e-25
1.2908386880989328e-25
1.2326877040311143e-25
1.254106770170821e-25
1.1112815408773908e-25
1.9814213326004204e-25
1.4567821331290486e-25
1.4770535086319113e-25
1.0452412219392698e-25
9.145390617989185e-26
8.79002240319921e-26
1.0237448882729065e-25
1.1511249900524859e-25
9.571852511888939e-26
1.279987181470182e-25
9.652003294700245e-26
1.0803445138392482e-25
8.387102428620863e-26
1.1182555383983727e-25
1.0813455091954025e-25
1.1055136723213883e-25
9.115949360654925e-26
1.0556171943131408e-25
1.2116585871950166e-25
1.0137846837372112e-25
1.231612954581555e-25
8.141726185171163e-26
1.5268781618340252e-25
1.1723561791747428e-25
9.04368628633191e-26
1.0650825503716547e-25
1.1754339050260288e-25
8.84636487396013e-26
8.07150576018307e-26
1.1263057294015104e-25
1.9294512693326973e-25
2.0105043840475295e-25
1.7615286434996196e-25
1.1142427563852278e-25
1.6534346429644171e-25
1.8560125279350752e-25
9.875884126724936e-26
1.2977865621554918e-25
9.78362295070505e-26
1.0882084278789161e-25
1.02670033368038e-25
2.175026009951836e-25
1.3413799668034989e-25
7.506708678736814e-26
6.629187297403821e-26
1.0410796579433395e-25
1.5731685697853554e-25
7.523453670089985e-26
1.2878613941705532e-25
7.717072334785778e-26
1.0588545926564916e-25
1.2357035719219237e-25
8.412678272541421e-26
1.014965315723934e-25
1.0019531532820096e-25
1.0204976258080247e-25
1.2387756191235813e-25
1.2791909786967379e-25
1.1207863559131122e-25
1.0108398123760558e-25
9.401218464614312e-26
7.377215514803551e-26
6.984152325905444e-26
1.0614699518320533e-25
1.0705351654937933e-25
1.0014750857951584e-25
1.1560014739274643e-25
1.268061769295871e-25
1.10103069900189e-25
1.1157578732270888e-25
1.1402175715131219e-25
8.849848887245331e-26
7.302618298600529e-26
1.2136225822272808e-25
1.518063416267373e-25
1.1693922542393696e-25
1.4627368968276687e-25
1.6853741605034073e-25
1.2409339441781306e-25
9.747657671939223e-26
9.438281029565006e-26
7.460144757614741e-26
8.433100100175527e-26
7.338520005643354e-26
1.1116062962742922e-25
9.873228945614088e-26
1.5305634652316112e-25
1.0710391729234197e-25
1.7411363929043462e-25
6.130486935029805e-26
2.0329326987828303e-25
2.095770380895771e-25
9.21892942319529e-26
8.740571583643155e-26
1.060281748726656e-25
1.3484861656194763e-25
1.33820314458045e-25
8.813188477561164e-26
1.220157825638021e-25
7.976066739530897e-26
1.0519164256854618e-25
1.3178560358149335e-25
1.0235340892244711e-25
7.246732115145042e-26
1.1263774955072296e-25
6.939223718664775e-26
1.313872969043128e-25
6.925364856541589e-26
9.342805015527622e-26
9.774265787113108e-26
1.2505889932288098e-25
9.690024617793694e-26
1.799430539588489e-25
8.590853686057266e-26
7.770823353715477e-26
1.0715105263636646e-25
1.8688061256219113e-25
8.157702998390962e-26
8.574390000320191e-26
1.1230672904751093e-25
1.0126920119684475e-25
7.281206901987959e-26
1.1338667449002427e-25
1.1162007992902924e-25
1.0434683691337838e-25
1.0232120951552006e-25
9.959887271684555e-26
1.4703503884712656e-25
9.155109364761406e-26
8.897763531244159e-26
1.0611457787804199e-25
1.045507937207734e-25
1.3419007312953695e-25
6.409666573401545e-26
9.327396033493289e-26
9.990116228106658e-26
9.853145150628351e-26
8.460394696967938e-26
1.1167892065283464e-25
1.144780986693482e-25
5.192736497604517e-26
1.5876696237254429e-25
1.2434567985744425e-25
6.922921759679094e-26
7.042715147364059e-26
1.093955062499734e-25
6.729625651430866e-26
1.081152392889606e-25
9.490664157492853e-26
1.1291992535622245e-25
8.23569833003216e-26
8.222664330129124e-26
8.75643898476255e-26
8.89924731943307e-26
1.5089167338436836e-25
1.1613799528131396e-25
8.09710169925418e-26
7.463407885894422e-26
1.0283293795680093e-25
6.545489877543936e-26
9.407994323399655e-26
7.374907701564905e-26
1.1853160138925484e-25
8.7837749267603e-26
1.5849120495272753e-25
9.408820316354167e-26
6.41750160650358e-26
9.297161910811076e-26
8.247921169350561e-26
7.577198000976489e-26
7.79177705550051e-26
1.026595194222624e-25
7.706663738317904e-26
1.0631622844779667e-25
6.092446099884872e-26
6.404472798211257e-26
1.096451607369974e-25
7.181192561155003e-26
1.058581103814803e-25
5.287453957175372e-26
9.3593098133494e-26
6.522466775227963e-26
8.530483485890131e-26
9.944037010474662e-26
5.086016302624542e-26
7.328986605056094e-26
8.64123575316335e-26
6.87174944063927e-26
8.395319477183701e-26
8.925157718976118e-26
9.823833927193664e-26
6.876042479097479e-26
8.099523637938662e-26
9.582484120012624e-26
6.970911812634253e-26
1.1627657674750167e-25
5.785809872767869e-26
7.079360688788017e-26
9.141375936685377e-26
8.487293638665776e-26
7.401269072711895e-26
7.691994588666939e-26
9.181175889206527e-26
8.442266329964181e-26
8.156430349845207e-26
8.851920946331356e-26
8.146954799507569e-26
4.924629486625382e-26
1.1174773403619285e-25
1.0430852179704812e-25
1.1536358525006875e-25
7.311396700919372e-26
6.664292170764368e-26
9.944262232661266e-26
9.016384496252884e-26
8.079899233821328e-26
7.604676095403496e-26
8.830268352394558e-26
6.29199013501628e-26
8.988701416057379e-26
5.745030882372116e-26
6.508359859188728e-26
8.485063762928639e-26
9.919584260821391e-26
6.224670339678643e-26
7.301814128155974e-26
8.088657739416277e-26
1.5962315906245781e-25
1.115325370400418e-25
6.807438280057093e-26
9.330672231922292e-26
6.646880224127017e-26
1.4059998886605748e-25
1.2744226285999434e-25
7.085591133081277e-26
6.73031109833872e-26
6.985643971465568e-26
7.698952750086328e-26
8.201245292746387e-26
1.03794659085562e-25
9.404729147532312e-26
8.038704777029098e-26
7.530204232126664e-26
1.539133586039728e-25
1.0213543926083339e-25
8.443034256818558e-26
9.286632674123308e-26
1.2189713801963588e-25
8.239065988539483e-26
7.318187416133978e-26
7.630685128715623e-26
8.407580494395524e-26
6.642009977564711e-26
6.21618123377756e-26
1.0489350607712034e-25
1.2912034315304211e-25
7.922775484845388e-26
6.260062341148546e-26
1.1698710003732443e-25
2.593067063609023e-25
9.104530817455958e-26
5.511386646482015e-26
6.480947833210675e-26
5.609282264895261e-26
8.800737580229964e-26
1.236948124667864e-25
1.4683676040342911e-25
4.2564716952932217e-26
1.0204123598747092e-25
8.717262567932104e-26
2.2307368023583875e-25
1.3119045960831698e-25
5.168171645632672e-26
5.732366941660158e-26
9.997453437573615e-26
8.220855125621506e-26
7.64864426572549e-26
7.378596408277838e-26
6.380020923263516e-26
4.6338361467459244e-26
9.460501311012538e-26
7.165237807074453e-26
6.571645561487292e-26
4.8169711969311984e-26
5.815473912058596e-26
7.089212332339557e-26
8.473820984715715e-26
3.714404541671322e-26
7.330826008422244e-26
8.488323680613561e-26
6.116068098393659e-26
1.070858738559366e-25
1.3832237943342204e-25
8.032170911599689e-26
1.0798257684303227e-25
6.359858604575323e-26
7.926076982813202e-26
9.469749059727719e-26
6.336790733424869e-26
5.319665093733898e-26
9.557991923272407e-26
6.508757195989709e-26
6.03445375985799e-26
8.204448636752707e-26
1.02557775068411e-25
7.54430049961874e-26
1.259351071073829e-25
1.0723732378814133e-25
9.366199444655801e-26
5.294239393122278e-26
5.281360949952266e-26
5.458596658511096e-26
6.771533615216968e-26
8.110401044403318e-26
6.127938097940654e-26
7.23369056147516e-26
7.961842866681177e-26
1.157330965283995e-25
9.979876944391328e-26
1.2576017055533915e-25
7.441055977079037e-26
6.175898611239347e-26
7.934460649939902e-26
5.757838544410626e-26
7.445106271134685e-26
4.243980992039376e-26
9.217624976397904e-26
5.721195777037666e-26
4.947856548120084e-26
7.505191369068457e-26
5.763301211587327e-26
8.750011879059204e-26
5.377763553679766e-26
7.101985258738008e-26
8.892124039035455e-26
1.0133104178412087e-25
8.590452456316103e-26
7.281853565125267e-26
3.151120007562088e-26
1.119379076296594e-25
5.287950672791813e-26
5.231586481765386e-26
9.579579640161725e-26
4.539468215031677e-26
7.426217420620708e-26
6.95122460226442e-26
1.4788597721757441e-25
7.647469634507266e-26
5.645866816822994e-26
8.906905068600103e-26
8.045922976098926e-26
5.248992532779564e-26
4.492655876945403e-26
8.074917674269042e-26
6.160300858874327e-26
1.3245964590146503e-25
1.1029436674843351e-25
5.438133943868933e-26
9.70566419329021e-26
4.665269947972892e-26
5.314784311103501e-26
6.174877858070332e-26
8.672812804195763e-26
4.6944006359280176e-26
3.784470989292296e-26
9.305053445731545e-26
6.774215866397575e-26
1.3110597199982835e-25
1.4679095596427912e-25
5.0913679303917067e-26
1.153681117505265e-25
1.3356518461778433e-25
6.923278595366891e-26
6.171079415917389e-26
5.766376453675347e-26
1.0532328172561876e-25
3.845585075813677e-26
5.70175540644908e-26
9.23508408297592e-26
6.593963668710678e-26
4.0398938729576114e-26
1.083911325152366e-25
5.855294156098157e-26
5.229444428532494e-26
8.256778560422357e-26
5.162644991271427e-26
1.4368904644497906e-25
4.013995684248661e-26
1.7662633147858275e-25
1.1629953719821638e-25
6.21081476528142e-26
3.9801370047219897e-26
8.013101014372279e-26
5.730012430210622e-26
8.582658790095152e-26
8.858571108865763e-26
2.847827314228479e-25
2.3431678325567445e-25
6.536886470667241e-26
5.826443816917121e-26
4.988377751489519e-26
5.285367293547519e-26
6.770056884207013e-26
6.735672208905214e-26
4.9722985654217176e-26
5.693515356323854e-26
8.905184209037502e-26
6.316261625883522e-26
7.505516457399042e-26
6.523127994928025e-26
1.0687480369522625e-25
8.577806564016375e-26
5.817646883183722e-26
5.781023188094917e-26
1.11873373956092e-25
7.125597575290092e-26
6.785309334452497e-26
6.660259858583701e-26
6.132965584700517e-26
5.735917603961897e-26
1.024197197408695e-25
6.351080685265618e-26
1.0074012615254594e-25
7.084017628048472e-26
7.573747894718953e-26
5.652863064036592e-26
9.489571530537811e-26
5.354437591816856e-26
6.888585126728796e-26
4.7243341744968155e-26
7.553279283505881e-26
7.302269321286651e-26
4.2072467636669916e-26
1.1049707743333636e-25
1.674725778298449e-25
1.7411033451219538e-25
3.3731209497123597e-26
8.000237807716862e-26
9.19405681101719e-26
7.003579811401718e-26
5.0517220357104607e-26
9.680529975435668e-26
1.1579026382614646e-25
4.856526287874763e-26
5.991474100465466e-26
5.11841698814862e-26
5.660270170534176e-26
4.3964989412416907e-26
4.778396085718304e-26
5.236325086377067e-26
6.771826315344337e-26
5.503968364500514e-26
4.9154873588425156e-26
7.34641636294798e-26
8.745898184160566e-26
1.6973641840305432e-25
5.141264872481912e-26
5.761971445071001e-26
6.611058469944369e-26
4.9062116226683073e-26
6.734672442531482e-26
6.439737304820401e-26
3.983592780116111e-26
1.042398449740675e-25
5.329714741422724e-26
6.007782500779419e-26
6.515634529442742e-26
5.940860791068619e-26
8.960853367172654e-26
5.032513380644262e-26
1.0402607839878136e-25
6.71451194832589e-26
1.185443434024319e-25
2.1205136188053374e-25
5.484703574002504e-26
1.3445723956946113e-25
1.503051477267428e-25
5.947452974918721e-26
7.599210367661049e-26
6.330856953184022e-26
7.245106646207184e-26
4.21681803507832e-26
7.386766917634893e-26
5.487942327854663e-26
8.663486812800929e-26
9.267977093772415e-26
6.512939917998502e-26
8.155877521557307e-26
5.76817633334062e-26
1.1799275723289797e-25
1.6746286958674147e-25
5.96916566930575e-26
6.917519278993106e-26
9.31578251672467e-26
4.1490441444223367e-26
5.955200175734621e-26
5.233225030324423e-26
1.0192339522562925e-25
6.092894470827873e-26
7.600714588379351e-26
1.3482339488599874e-25
8.461088461138324e-26
3.796266911936289e-26
4.865493062470982e-26
6.284032280199733e-26
5.28581461005998e-26
5.143568352892914e-26
7.558800293921588e-26
1.0599030132177016e-25
7.781480738097205e-26
1.7641731599887743e-25
4.1977306238043375e-26
9.195483241778223e-26
7.193189581285203e-26
3.835347729918439e-26
1.0725900744818264e-25
9.555345271216051e-26
3.455021882412206e-26
4.7545249462614804e-26
6.121995567865745e-26
5.913659184369705e-26
5.586916195402419e-26
6.680463735848024e-26
6.622579473732071e-26
7.052368751141982e-26
2.995641606059271e-26
7.911277493193019e-26
5.686079129291423e-26
5.906118033887012e-26
1.098433191242543e-25
7.198142208414089e-26
5.147660823490125e-26
7.240938351721266e-26
3.594225936618568e-26
4.5698632602150137e-26
6.060956458799064e-26
4.4335443297141757e-26
6.11987225104033e-26
5.801616228578583e-26
8.117942896719293e-26
5.101925955922472e-26
8.359821846793113e-26
8.558465500162257e-26
6.139653528093042e-26
7.439667619890053e-26
7.654081771503159e-26
2.7541572994317164e-26
8.577505625633601e-26
4.2183579485012344e-26
7.310554173519702e-26
3.159377658690139e-26
5.1651255556673285e-26
4.1141754820958587e-26
7.459790704315119e-26
5.267572907334333e-26
8.123273894679631e-26
6.817610078091245e-26
5.243437409839313e-26
6.194777473896505e-26
5.234347287945974e-26
8.452937171459847e-26
9.469509702716299e-26
5.738347611895794e-26
3.923984621469516e-26
7.015856181423019e-26
7.059257099686604e-26
7.489528068678218e-26
6.799999802489533e-26
7.69121737346297e-26
6.339572944323721e-26
3.319627569476511e-26
4.3125073392383674e-26
6.812996003598427e-26
5.1688719360822387e-26
5.874379908301789e-26
5.299197243730206e-26
1.0235791230087953e-25
8.818583240580095e-26
5.907791065161333e-26
8.448396641742996e-26
2.987585751078254e-26
5.761808735137781e-26
9.128888116657049e-26
4.792231703616888e-26
4.4303670130437336e-26
4.246000346585223e-26
1.3940313715393817e-25
1.2473633652603493e-25
8.030955023763462e-26
5.872120413536867e-26
5.60458496423682e-26
7.115105013327567e-26
5.427215461116635e-26
4.9907750579218195e-26
1.0355911141794943e-25
7.522327814786694e-26
5.605386237518038e-26
5.023122419596196e-26
6.930844520036847e-26
6.412176529398187e-26
4.8851008795113904e-26
4.675324845073691e-26
7.356982585492719e-26
5.443407519987911e-26
7.554337032610437e-26
6.039744650071969e-26
7.525065964125832e-26
2.1738697789065765e-26
9.5137994387312e-26
6.286572945784233e-26
3.8369788259669134e-26
5.343667715412726e-26
6.992452671856349e-26
6.043857273102801e-26
5.687809706541415e-26
7.131137963342938e-26
1.8851751051169332e-25
9.793192534429875e-26
9.292053445937016e-26
2.6836546190309106e-26
4.254066643730015e-26
3.943788936284175e-26
4.875471438298219e-26
6.443556721453859e-26
4.414476339287154e-26
4.9874563402753527e-26
6.200971049839729e-26
4.162697202729804e-26
9.849508811591929e-26
5.710871025332515e-26
6.68715675995482e-26
6.543024022246433e-26
5.31520663560502e-26
4.49849183236327e-26
5.803994081954167e-26
8.267414820604249e-26
3.0855699225035075e-26
7.105749545825349e-26
3.9650748099974225e-26
4.8447717068839765e-26
4.4368200000214465e-26
5.880044420186741e-26
4.4073669569507645e-26
7.548802698416755e-26
1.2174198603852367e-25
6.079947554952508e-26
5.508349521875057e-26
1.4298834835191465e-25
1.6472623233663462e-25
4.5645554749886106e-26
9.079205810048293e-26
5.093994212891575e-26
3.531265511183677e-26
6.223621189003027e-26
4.1419477154688466e-26
6.02987349495892e-26
4.330943903182321e-26
5.424164192405017e-26
4.063765217151238e-26
7.083470548629195e-26
5.295145398722226e-26
8.179822838008195e-26
3.020185221302499e-26
5.446312344965049e-26
6.515627135077058e-26
8.718769360498123e-26
