5.524666256255599
0.31617389174643373
0.1291484965550222
0.08084436543517748
0.05580781141859765
0.04049701594066103
0.03078998285158908
0.02434215212760842
0.019844293822562625
0.016543210016501907
0.014227174442314767
0.012533628955048517
0.011145880073467342
0.009963669335210893
0.008946089912536065
0.008065284149759372
0.007299476739188304
0.0066303129240790825
0.006043618828005055
0.00552769423680024
0.0050723858789623036
0.004669150752631745
0.004310775334432572
0.0039911524236735125
0.0037051011063884295
0.003448219176774123
0.0032167605701900587
0.0030072386275473892
0.0028171452857705137
0.0026442690038973996
0.002486600935508357
0.0023424359301534524
0.0022103025416462183
0.0020889365888886132
0.00197725138419986
0.0018743126229299565
0.001779317110469055
0.0016915746778885107
0.0016104927925761616
0.0015355634949728114
0.0014662381861720532
0.001402235498839482
0.0013432782292691341
0.001289101097122426
0.001239482945356489
0.0011942413500453713
0.0011532274708501297
0.0011163210429620013
0.0010834290559779665
0.0010543265277743392
0.001028885643021199
0.001006924065166949
0.000988319702930464
0.0009732271650903221
0.0009616088536651358
0.0009533365611659049
0.0009481882899468528
0.0009459668957920235
0.0009464707982377523
0.0009494272287711015
0.0009545214117173686
0.0009613919392835148
0.0009696295388269098
0.000978779980086149
0.000988351647206665
0.000997827943133976
0.0010066841823549257
0.0010144080242474737
0.0010205219103568005
0.0010246053913491563
0.001026315191047168
0.001025400681131131
0.0010217130734917895
0.0010152073652079515
0.0010059370475111375
0.000994042562598816
0.0009796643776958573
0.0009631303544244678
0.0009447473398333222
0.0009248302325081049
0.0009036960676571057
0.0008816525993634047
0.000858989864207255
0.0008359742896555714
0.0008128448095890514
0.0007898105206070144
0.0007670495645177924
0.000744709068665778
0.0007229060613308648
0.0007017292896475478
0.0006812418205892812
0.0006614842363756559
0.0006424781787053945
0.0006242299741322993
0.0006067340923419796
0.0005899762429730437
0.0005739359898659435
0.0005585887603443929
0.0005438871420252763
0.0005297894135370012
0.000516309121439191
0.0005034042949638222
0.0004910595167131936
0.0004792317057155031
0.0004679091545378545
0.00045704787709087316
0.0004466408365387255
0.0004366430572019522
0.00042705312599337046
0.0004178247555466703
0.0004089631596431709
0.0004004200393617664
0.0003922081170869511
0.0003842760554223021
0.0003766451709722079
0.00036925950937842224
0.00036214991360720907
0.0003552549694539255
0.00034861112488735596
0.00034216329757576946
0.00033593736960749366
0.0003298953372264551
0.00032404739610272505
0.0003183713897495228
0.00031283749990026897
0.00030746549117501465
0.0003022482057161051
0.0002971786413406871
0.00029225026086555987
0.00028745689444646937
0.00028279273191126415
0.00027825229754205
0.0002738304298654837
0.0002695222612785137
0.00026532319859697603
0.0002612289043896205
0.000257235279263866
0.000253338445194145
0.00024953472996275326
0.00024582065274926225
0.00024219291086975415
0.00023864838774575884
0.00023518412966055496
0.00023179726646923869
0.0002284850889755754
0.00022524502257486508
0.00022207461262327684
0.00021897151747334625
0.00021593350198123335
0.0002129584315831539
0.00021004426682802218
0.00020718905828787565
0.00020439094179223105
0.0002016324822173302
0.00019892357002348893
0.00019626689950024445
0.00019366089608390354
0.0001911040508249207
0.0001885949170817346
0.0001861321073202766
0.00018371429007041403
0.00018134018705000073
0.0001790085704538732
0.00017671826040312747
0.0001744681225470005
0.00017225706581111962
0.00017008404028457803
0.00016794803523784163
0.00016584807726317162
0.00016378322852979142
0.00016175258514507866
0.00015975527561350276
0.00015779045938633436
0.00015585732549386238
0.00015395509125343008
0.00015208300104786914
0.0001502403251669347
0.00014842635870838765
0.0001466404205325819
0.00014488194544826126
0.0001431502833772558
0.00014144493455134997
0.00013976513985775147
0.00013811033305737206
0.0001364799590240452
0.00013487347935044845
0.0001332903723096774
0.0001317301322969755
0.00013018400516827289
0.00012865551483868664
0.0001271486532095682
0.00012566330525959576
0.00012419972819037827
0.00012275747052091317
0.00012133542495772669
0.00011993301265942127
0.00011855058420717428
0.00011718868904064043
0.00011584844901149875
0.00011453628667328529
0.00011324863482596081
0.00011198363561667944
0.00011074287119306776
0.00010952301895689258
0.0001083179885796546
0.00010712756725013606
0.00010595165227923585
0.00010479150527930481
0.00010364584142472734
0.00010251367050979939
0.00010139473548434722
0.00010028881292809776
9.919721791173459e-05
9.812029370808542e-05
9.705556106189756e-05
9.600275677634558e-05
9.49616880229632e-05
9.393217129146565e-05
9.29140267026854e-05
9.190707773453794e-05
9.091115135187188e-05
8.992607801723877e-05
8.895169163158533e-05
8.79878294601607e-05
8.703433206347214e-05
8.609113616227557e-05
8.515893504609555e-05
8.423682108880843e-05
8.332439979252895e-05
8.242153190382197e-05
8.152807507029485e-05
8.064389157299045e-05
7.97688475041185e-05
7.889694583514488e-05
7.803269318363274e-05
7.717732029565892e-05
7.633094652413992e-05
7.549324116773071e-05
7.46640374262503e-05
7.384322907692558e-05
7.303070305533495e-05
7.222634894041948e-05
7.143005926053676e-05
7.064172927782098e-05
6.986125675793317e-05
6.908854179650702e-05
6.83234866937556e-05
6.756599585922124e-05
6.681597573281035e-05
6.607333471418618e-05
6.533798309528782e-05
6.46098329949884e-05
6.388879829514602e-05
6.317479457801692e-05
6.246773906563696e-05
6.176755056157004e-05
6.107414939435742e-05
6.038745736346818e-05
5.970739768746391e-05
5.903389495407098e-05
5.836687507263585e-05
5.770626522853065e-05
5.7051993839847664e-05
5.640399051630456e-05
5.576218602003226e-05
5.5126512228764776e-05
5.449690210106073e-05
5.387328964357013e-05
5.325560988023907e-05
5.264379882372231e-05
5.2037793448412906e-05
5.1437531665319675e-05
5.084295229891311e-05
5.025399506504035e-05
4.967060055110313e-05
4.909271019692346e-05
4.852026627743421e-05
4.79532118863142e-05
4.7391490920786106e-05
4.683504806775186e-05
4.6283828790103865e-05
4.573777931486694e-05
4.5196846621225104e-05
4.466097842969368e-05
4.413012319194399e-05
4.3604230080770135e-05
4.308324898097063e-05
4.256713048036127e-05
4.2055801957320995e-05
4.1549207562083384e-05
4.104733624462956e-05
4.055013919912764e-05
4.0057570542808764e-05
3.956958471509061e-05
3.908613671905369e-05
3.860502469941049e-05
3.8127321780879295e-05
3.7654101376291065e-05
3.718531996182867e-05
3.6720935243271046e-05
3.626090554545473e-05
3.580518980994371e-05
3.5353747590598115e-05
3.4906539048317885e-05
3.446352494552194e-05
3.4024666640215596e-05
3.358992607953927e-05
3.3159265793447777e-05
3.273264888755453e-05
3.2310039036430197e-05
3.189140047607805e-05
3.1476697996651995e-05
3.106589693503821e-05
3.065896316701632e-05
3.0255863099741143e-05
2.985656366403824e-05
2.9461032306625357e-05
2.9069236982583004e-05
2.8681146147685627e-05
2.8296728750914203e-05
2.7915954227027225e-05
2.753879248929251e-05
2.716521392220745e-05
2.6795189374469526e-05
2.64286901520009e-05
2.606568801118376e-05
2.5706155152016913e-05
2.535006421158064e-05
2.499738825753093e-05
2.4648100781801905e-05
2.4302175694262563e-05
2.395958731636858e-05
2.362031037542235e-05
2.3284319998255293e-05
2.2951591705377804e-05
2.262210140513897e-05
2.2295825387894296e-05
2.1972740320181402e-05
2.1652823239072613e-05
2.133605154652676e-05
2.102240300367914e-05
2.0711855725297143e-05
2.0404388174200875e-05
2.0099979155691086e-05
1.97986078121357e-05
1.9500253617317143e-05
1.9204896371090103e-05
1.8912516193794924e-05
1.862309352087317e-05
1.8336609097415973e-05
1.8053043972706015e-05
1.7772379494758377e-05
1.7494597304936098e-05
1.7219679332464487e-05
1.6947607789084377e-05
1.6678365163595107e-05
1.6411934216314577e-05
1.6148297973877254e-05
1.5887439723588347e-05
1.5629343008054057e-05
1.5373991619828185e-05
1.512136959581591e-05
1.4871461211925275e-05
1.4624250977569486e-05
1.4379691197583971e-05
1.4137758292689594e-05
1.3898479383975143e-05
1.3661840716433783e-05
1.3427827772180384e-05
1.3196426302573102e-05
1.2967622263166604e-05
1.2741401782632521e-05
1.2517751156358857e-05
1.2296656849397684e-05
1.2078105498810519e-05
1.1862083912655302e-05
1.1648579066099759e-05
1.1437578096565515e-05
1.1229068298270875e-05
1.102303711692596e-05
1.0819472144292993e-05
1.0618361112794844e-05
1.04196918897282e-05
1.0223452471523121e-05
1.0029630977653778e-05
9.838215644412481e-06
9.649194818565325e-06
9.462556950912957e-06
9.278290589740613e-06
9.096384374295536e-06
8.916827028184497e-06
8.739607352800697e-06
8.564714220848006e-06
8.392136569835925e-06
8.221863395709489e-06
8.053883746459546e-06
7.888186715939849e-06
7.72476143773952e-06
7.56359707901838e-06
7.404682834619291e-06
7.248007921190629e-06
7.0935615714102754e-06
6.94133302829311e-06
6.791311539628603e-06
6.643486352448421e-06
6.497846707681954e-06
6.354381834819321e-06
6.21308094671144e-06
6.073933234374849e-06
5.936927862050678e-06
5.80205396218902e-06
5.6692586962307735e-06
5.538299005664268e-06
5.409458135041903e-06
5.282723544994975e-06
5.15808355841603e-06
5.035526451150669e-06
4.915040440994662e-06
4.796613682067319e-06
4.6802342602343205e-06
4.565890188976801e-06
4.453569405643834e-06
4.343259767758983e-06
4.2349490496418225e-06
4.1286249390793455e-06
4.024275034142563e-06
3.921886840168066e-06
3.8214477668903225e-06
3.722945125596091e-06
3.626366126603618e-06
3.531697876708358e-06
3.438927376883141e-06
3.348041520061758e-06
3.259027089184276e-06
3.171870755223032e-06
3.08655907550758e-06
3.003078492153029e-06
2.921415330629668e-06
2.8415557985201367e-06
2.7634859844511385e-06
2.6871918571227493e-06
2.612659264581295e-06
2.539873933604659e-06
2.468821469274563e-06
2.3994873546510792e-06
2.3318569507843965e-06
2.265915496637006e-06
2.20164810942504e-06
2.1390397849110505e-06
2.078075398036768e-06
2.0187397035938107e-06
1.961017337106381e-06
1.9048928158932935e-06
1.850350540229365e-06
1.7973747947477545e-06
1.7459497499022583e-06
1.696059463674616e-06
1.64768788336412e-06
1.6008188475767296e-06
1.5554360883016498e-06
1.5115232332245935e-06
1.4690638080482775e-06
1.428041239087369e-06
1.3884388559318126e-06
1.3502398941915818e-06
1.3134274984897786e-06
1.2779847254710459e-06
1.2438945469702995e-06
1.2111398533028846e-06
1.179703456670679e-06
1.1495680946266943e-06
1.1207164337250514e-06
1.0931310731727502e-06
1.0667945486623779e-06
1.0416893362227567e-06
1.017797856224102e-06
9.951024773738338e-07
9.735855208834978e-07
9.532292646249544e-07
9.340159474097832e-07
9.159277732758102e-07
8.989469158827278e-07
8.830555229039181e-07
8.682357205109657e-07
8.544696178760084e-07
8.417393116906504e-07
8.300268907501764e-07
8.193144405393659e-07
8.095840478451769e-07
8.008178053976995e-07
7.929978164903455e-07
7.861061996196009e-07
7.801250931887542e-07
7.750366600399893e-07
7.70823092216487e-07
7.67466615486337e-07
7.64949493995049e-07
7.632540348509173e-07
7.623625926653835e-07
7.62257574088665e-07
7.629214423196705e-07
7.643367215466574e-07
7.664860013988082e-07
7.693519412737832e-07
7.729172747178644e-07
7.771648136572683e-07
7.82077452658906e-07
7.876381730477676e-07
7.938300470594823e-07
8.006362418574458e-07
8.080400234846942e-07
8.160247608080106e-07
8.245739293380945e-07
8.336711149614759e-07
8.433000176536705e-07
8.534444550893067e-07
8.640883661325502e-07
8.752158142932401e-07
8.868109911086819e-07
8.988582193864386e-07
9.113419564021415e-07
9.242467970034528e-07
9.375574765920511e-07
9.512588740839206e-07
9.653360146916266e-07
9.797740726785836e-07
9.945583740042821e-07
1.0096743988687552e-06
1.025107784143738e-06
1.0408443257552982e-06
1.0568699809293113e-06
1.073170870377486e-06
1.089733280323408e-06
1.106543664540733e-06
1.1235886461925018e-06
1.1408550196132433e-06
1.158329752014191e-06
1.1759999850901225e-06
1.1938530364707886e-06
1.211876401207762e-06
1.2300577529895114e-06
1.2483849454445825e-06
1.2668460132527536e-06
1.2854291731286146e-06
1.304122824854095e-06
1.3229155520811967e-06
1.3417961231089952e-06
1.3607534915884434e-06
1.3797767971002183e-06
1.3988553656746984e-06
1.4179787102216085e-06
1.4371365308684831e-06
1.4563187152394466e-06
1.4755153386106185e-06
1.4947166640590718e-06
1.513913142449628e-06
1.5330954123937753e-06
1.5522543001554356e-06
1.5713808194305088e-06
1.5904661710661866e-06
1.6095017427702706e-06
1.6284791086340687e-06
1.647390028742092e-06
1.6662264485468009e-06
1.684980498340152e-06
1.7036444925101793e-06
1.7222109288987967e-06
1.740672487954493e-06
1.7590220318821276e-06
1.7772526037836165e-06
1.7953574266754443e-06
1.8133299024720575e-06
1.8311636109554867e-06
1.8488523086203091e-06
1.8663899275380315e-06
1.8837705741584261e-06
1.9009885280297999e-06
1.9180382405345645e-06
1.9349143335043447e-06
1.9516115979122525e-06
1.9681249923601587e-06
1.98444964168808e-06
2.000580835483156e-06
2.0165140265080295e-06
2.032244829136836e-06
2.047769017829194e-06
2.0630825254215156e-06
2.0781814415376095e-06
2.0930620108471862e-06
2.107720631396615e-06
2.122153852874677e-06
2.1363583748334186e-06
2.1503310449231363e-06
2.1640688570637597e-06
2.177568949680496e-06
2.1908286037961796e-06
2.2038452412035455e-06
2.2166164225945305e-06
2.229139845652245e-06
2.2414133431768525e-06
2.2534348811130527e-06
2.2652025567060353e-06
2.2767145964675657e-06
2.287969354295864e-06
2.2989653094593652e-06
2.3097010647201133e-06
2.320175344242418e-06
2.3303869917239435e-06
2.3403349683420265e-06
2.3500183508096278e-06
2.3594363293598045e-06
2.368588205766916e-06
2.377473391343941e-06
2.3860914050005514e-06
2.394441871158551e-06
2.402524517846278e-06
2.410339174670763e-06
2.4178857708816453e-06
2.425164333300348e-06
2.4321749844314427e-06
2.438917940445687e-06
2.4453935092802527e-06
2.4516020885585957e-06
2.457544163765187e-06
2.4632203062332955e-06
2.4686311712668404e-06
2.4737774961286093e-06
2.47866009824136e-06
2.4832798731621345e-06
2.487637792796715e-06
2.4917349034510737e-06
2.4955723240117423e-06
2.499151244005924e-06
2.502472921867959e-06
2.505538683024644e-06
2.5083499181211945e-06
2.510908081186612e-06
2.513214687880895e-06
2.5152713136970445e-06
2.5170795922120794e-06
2.51864121334163e-06
2.519957921626049e-06
2.5210315145046883e-06
2.5218638406469977e-06
2.5224567982360213e-06
2.5228123333500876e-06
2.5229324382971766e-06
2.5228191500381174e-06
2.5224745484967306e-06
2.5219007550611975e-06
2.5210999309627388e-06
2.5200742757451046e-06
2.5188260257376558e-06
2.517357452513721e-06
2.515670861471594e-06
2.513768590278511e-06
2.5116530074652455e-06
2.5093265109781406e-06
2.5067915267822445e-06
2.504050507443582e-06
2.5011059307825583e-06
2.4979602984896755e-06
2.4946161348390315e-06
2.491075985313875e-06
2.487342415358291e-06
2.4834180091317333e-06
2.479305368167706e-06
2.4750071102155057e-06
2.4705258680239347e-06
2.4658642881289485e-06
2.4610250296922236e-06
2.456010763355452e-06
2.450824170114047e-06
2.445467940173145e-06
2.439944771941489e-06
2.4342573708852467e-06
2.4284084485007426e-06
2.422400721298267e-06
2.416236909824966e-06
2.409919737619086e-06
2.4034519302401633e-06
2.3968362144226673e-06
2.390075317029006e-06
2.3831719642028066e-06
2.3761288804750755e-06
2.36894878790093e-06
2.3616344051850116e-06
2.354188446888905e-06
2.3466136225786486e-06
2.3389126361050205e-06
2.331088184745337e-06
2.3231429585027683e-06
2.31507963936054e-06
2.3069009005694947e-06
2.298609405949959e-06
2.2902078092166032e-06
2.281698753283345e-06
2.273084869704619e-06
2.2643687779384007e-06
2.2555530848316793e-06
2.2466403839637133e-06
2.2376332551545077e-06
2.228534263806243e-06
2.219345960449184e-06
2.210070880174481e-06
2.200711542128066e-06
2.1912704490608944e-06
2.181750086816914e-06
2.172152923902235e-06
2.1624814110061305e-06
2.152737980618818e-06
2.14292504658602e-06
2.1330450037472267e-06
2.1231002275276127e-06
2.11309307358558e-06
2.103025877448908e-06
2.092900954209391e-06
2.0827205981556914e-06
2.0724870825162653e-06
2.0622026591050176e-06
2.051869558089785e-06
2.0414899877240125e-06
2.0310661340314987e-06
2.020600160655707e-06
2.0100942085707327e-06
1.999550395842937e-06
1.9889708175228826e-06
1.978357545323656e-06
1.9677126275688207e-06
1.95703808895706e-06
1.9463359303645503e-06
1.9356081288055444e-06
1.9248566371940948e-06
1.91408338431881e-06
1.9032902746185004e-06
1.8924791881857937e-06
1.881651980593317e-06
1.8708104828647004e-06
1.8599565013822931e-06
1.8490918178152979e-06
1.8382181890970594e-06
1.8273373473163504e-06
1.8164509997849043e-06
1.8055608288925706e-06
1.794668492203654e-06
1.7837756223570742e-06
1.7728838271057187e-06
1.7619946893245787e-06
1.7511097670350896e-06
1.740230593399299e-06
1.7293586767606345e-06
1.718495500703892e-06
1.7076425240629704e-06
1.696801181016238e-06
1.68597288109671e-06
1.675159009280775e-06
1.664360926083862e-06
1.6535799676041513e-06
1.642817445609265e-06
1.6320746476580631e-06
1.6213528371386118e-06
1.6106532534392307e-06
1.599977111988897e-06
1.5893256044425807e-06
1.5786998987140416e-06
1.5681011391623752e-06
1.557530446687253e-06
1.5469889188930304e-06
1.5364776301628317e-06
1.5259976318874672e-06
1.5155499525216381e-06
1.5051355977945373e-06
1.4947555508135478e-06
1.4844107722877263e-06
1.4741022006015873e-06
1.4638307520639455e-06
1.453597321014228e-06
1.4434027800029684e-06
1.433247980003182e-06
1.4231337505308817e-06
1.4130608998757406e-06
1.4030302152183045e-06
1.3930424628937937e-06
1.3830983885246706e-06
1.3731987172175955e-06
1.3633441537579652e-06
1.3535353828237993e-06
1.3437730691190375e-06
1.3340578576768183e-06
1.3243903739557597e-06
1.3147712240596837e-06
1.3052009950133009e-06
1.2956802548695942e-06
1.2862095529778917e-06
1.2767894201596947e-06
1.2674203689363796e-06
1.2581028937112301e-06
1.2488374710007586e-06
1.2396245596455469e-06
1.2304646010062275e-06
1.221358019186508e-06
1.2123052212311813e-06
1.2033065973598508e-06
1.1943625211797697e-06
1.185473349871416e-06
1.1766394244258189e-06
1.167861069859463e-06
1.1591385954046545e-06
1.1504722947807921e-06
1.1418624463176517e-06
1.1333093132630006e-06
1.1248131439316187e-06
1.1163741719743323e-06
1.107992616532012e-06
1.0996686824738937e-06
1.0914025606434293e-06
1.083194428018431e-06
1.0750444479480817e-06
1.0669527703935096e-06
1.0589195320585506e-06
1.0509448566827844e-06
1.0430288552213197e-06
1.035171626042757e-06
1.0273732551277565e-06
1.01963381631916e-06
1.0119533715074237e-06
1.0043319707804153e-06
9.967696527568868e-07
9.892664446361286e-07
9.81822362512076e-07
9.744374115541936e-07
9.671115861635704e-07
9.598448701860032e-07
9.526372371590184e-07
9.454886504641846e-07
9.38399063494643e-07
9.313684199364899e-07
9.243966538686227e-07
9.174836900110824e-07
9.106294438932558e-07
9.038338220420799e-07
8.970967221922715e-07
8.904180334168109e-07
8.837976363827422e-07
8.77235403474654e-07
8.707311990079459e-07
8.642848793922108e-07
8.578962933289184e-07
8.515652819380321e-07
8.452916790049332e-07
8.390753111017705e-07
8.329159977587256e-07
8.268135516846873e-07
8.207677788545697e-07
8.147784787501903e-07
8.088454444660964e-07
8.029684629296244e-07
7.971473150101003e-07
7.913817757036231e-07
7.856716142935904e-07
7.800165944902338e-07
7.744164746178024e-07
7.688710077213343e-07
7.63379941735006e-07
7.579430196462975e-07
7.525599796363882e-07
7.472305552292449e-07
7.419544754070171e-07
7.367314647703078e-07
7.315612437071262e-07
7.264435284849865e-07
7.213780314093978e-07
7.16364460961156e-07
7.114025219160083e-07
7.064919154940824e-07
7.016323394684337e-07
6.968234883063867e-07
6.92065053311706e-07
6.873567226993342e-07
6.826981817619297e-07
6.780891129900357e-07
6.735291961636565e-07
6.690181084677266e-07
6.645555246583694e-07
6.601411171204605e-07
6.557745559943916e-07
6.514555093127451e-07
6.47183643077443e-07
6.429586213764198e-07
6.387801064864847e-07
6.346477589990444e-07
6.305612378764926e-07
6.265202005981621e-07
6.225243032415666e-07
6.185732005573704e-07
6.146665461161095e-07
6.108039923323603e-07
6.069851906430506e-07
6.032097914856933e-07
5.994774445087112e-07
5.957877985775456e-07
5.921405018781171e-07
5.885352020127727e-07
5.849715460758226e-07
5.814491807302468e-07
5.779677523046385e-07
5.745269068374634e-07
5.711262901938778e-07
5.677655480966455e-07
5.644443262591721e-07
5.611622703786552e-07
5.579190262946595e-07
5.547142399615893e-07
5.515475576277684e-07
5.484186257871075e-07
5.453270913254437e-07
5.422726015642629e-07
5.392548042840614e-07
5.362733478497774e-07
5.333278812181046e-07
5.304180540233461e-07
5.275435166192133e-07
5.247039201302776e-07
5.218989165336966e-07
5.191281586795903e-07
5.163913003670616e-07
5.136879963829747e-07
5.110179025322754e-07
5.083806757416331e-07
5.057759740385281e-07
5.032034566338692e-07
5.006627839805263e-07
4.981536177713998e-07
4.956756210152398e-07
4.932284580744297e-07
4.908117946937301e-07
4.884252980373076e-07
4.860686367413865e-07
4.837414809454163e-07
4.814435023050502e-07
4.791743740683057e-07
4.769337710761757e-07
4.747213697910155e-07
4.7253684835836833e-07
4.7037988661842904e-07
4.6825016611892114e-07
4.661473701812639e-07
4.6407118390313406e-07
4.6202129418062373e-07
4.5999738973938453e-07
4.5799916118021015e-07
4.560263009704954e-07
4.5407850348093194e-07
4.52155465006839e-07
4.5025688379544004e-07
4.483824600561909e-07
4.465318959794016e-07
4.4470489576408944e-07
4.429011656277456e-07
4.411204138393601e-07
4.3936235069165e-07
4.3762668856828117e-07
4.359131419424178e-07
4.3422142736767336e-07
4.325512635216737e-07
4.3090237120765256e-07
4.292744733401965e-07
4.2766729499589205e-07
4.260805634293318e-07
4.245140080125316e-07
4.2296736032811027e-07
4.2144035413234086e-07
4.199327253677064e-07
4.184442121819061e-07
4.1697455491869703e-07
4.155234961311787e-07
4.1409078059549317e-07
4.126761552970002e-07
4.112793694591167e-07
4.099001745094613e-07
4.0853832413024925e-07
4.071935742254683e-07
4.0586568293269236e-07
4.045544106216406e-07
4.032595145410789e-07
4.019807606940118e-07
4.0071792044415557e-07
3.994707631283408e-07
3.982390603041857e-07
3.9702258576081055e-07
3.9582111553354783e-07
3.946344278715553e-07
3.934623032550428e-07
3.9230452437377847e-07
3.911608761662552e-07
3.9003114577826703e-07
3.889151225445243e-07
3.87812598042829e-07
3.8672336601884245e-07
3.856472224576003e-07
3.8458396547911625e-07
3.835333954421452e-07
3.824953148544528e-07
3.814695284071251e-07
3.804558429358894e-07
3.7945406747068357e-07
3.784640131538245e-07
3.774854932948714e-07
3.7651832332438433e-07
3.755623207972147e-07
3.746173053986458e-07
3.7368309889519483e-07
3.7275952517786457e-07
3.7184641020486216e-07
3.709435820243146e-07
3.7005052770099077e-07
3.691671575848759e-07
3.682935795499269e-07
3.6742963152593026e-07
3.6657515188442445e-07
3.6572998085277304e-07
3.6489396065805984e-07
3.6406693545906867e-07
3.632487514317936e-07
3.624392566673416e-07
3.6163830125475705e-07
3.6084573719240105e-07
3.6006141843070166e-07
3.5928520084534025e-07
3.5851694219992316e-07
3.577565021845179e-07
3.570037423354193e-07
3.562585260863313e-07
3.5552071872819106e-07
3.547901873888638e-07
3.5406680102349414e-07
3.5335043041962764e-07
3.526409481585771e-07
3.5193822862111903e-07
3.512421479554716e-07
3.5055258409171204e-07
3.498694166779566e-07
3.491925271291904e-07
3.485217985723174e-07
3.478571158429626e-07
3.471983654527469e-07
3.4654543562867315e-07
3.458982162264336e-07
3.4525659877331366e-07
3.446204764327425e-07
3.439897439918035e-07
3.4336429783575586e-07
3.427440359490034e-07
3.421288578892211e-07
3.415186647838833e-07
3.409133593254019e-07
3.403128457129385e-07
3.397170296845732e-07
3.391258184922258e-07
3.385391208569742e-07
3.3795684698530354e-07
3.373789085633183e-07
3.368052187127307e-07
3.362356919866146e-07
3.3567024435559144e-07
3.351087932093498e-07
3.3455125731745455e-07
3.339975568181029e-07
3.334476132318602e-07
3.3290134941178326e-07
3.323586895376624e-07
3.3181955912612247e-07
3.3128388498682726e-07
3.307515952162934e-07
3.3022261920115643e-07
3.296968875641245e-07
3.2917433219798614e-07
3.286548862202497e-07
3.2813848396247764e-07
3.2762506096559125e-07
3.271145539698259e-07
3.266069008776629e-07
3.261020407646149e-07
3.255999138454653e-07
3.251004614697831e-07
3.2460362613106374e-07
3.241093513984733e-07
3.236175819587183e-07
3.231282635723737e-07
3.226413430676697e-07
3.2215676831933713e-07
3.216744882509856e-07
3.211944528125227e-07
3.2071661295527494e-07
3.202409206597544e-07
3.19767328860577e-07
3.1929579149436065e-07
3.188262634377141e-07
3.183587005337093e-07
3.1789305955564946e-07
3.1742929818647616e-07
3.169673750405452e-07
3.1650724962892667e-07
3.160488823265081e-07
3.155922344097609e-07
3.1513726799256336e-07
3.1468394605834954e-07
3.142322324091014e-07
3.137820916857854e-07
3.1333348933193386e-07
3.128863916056025e-07
3.1244076552915496e-07
3.119965789327368e-07
3.115538003943245e-07
3.1111239924563135e-07
3.106723455670396e-07
3.1023361016751597e-07
3.0979616458462123e-07
3.093599810546215e-07
3.089250325172061e-07
3.0849129259882165e-07
3.0805873559719876e-07
3.0762733648561345e-07
3.0719707088439463e-07
3.0676791504912134e-07
3.0633984590560225e-07
3.0591284095244715e-07
3.0548687834336293e-07
3.0506193681383893e-07
3.0463799569812915e-07
3.0421503490078676e-07
3.0379303492687543e-07
3.033719768186227e-07
3.029518421770468e-07
3.0253261315670326e-07
3.0211427243481847e-07
3.016968032226521e-07
3.0128018924332896e-07
3.0086441470849693e-07
3.0044946435957627e-07
3.0003532340247057e-07
2.99621977527797e-07
2.992094128943632e-07
2.9879761612108657e-07
2.983865742807229e-07
2.979762749005095e-07
2.9756670591464396e-07
2.9715785571387767e-07
2.9674971308871037e-07
2.963422672488049e-07
2.9593550780664864e-07
2.9552942475804883e-07
2.95124008490423e-07
2.947192497790409e-07
2.9431513974875346e-07
2.9391166990401337e-07
2.9350883209909077e-07
2.931066185340945e-07
2.927050217526712e-07
2.923040346254984e-07
2.9190365034656265e-07
2.915038624542296e-07
2.91104664758908e-07
2.9070605140243807e-07
2.903080168059432e-07
2.8991055569844593e-07
2.8951366309406534e-07
2.8911733425608697e-07
2.887215647490717e-07
2.883263503934007e-07
2.879316872535982e-07
2.8753757166945474e-07
2.871440002110736e-07
2.8675096968556254e-07
2.8635847713777437e-07
2.8596651984556974e-07
2.8557509530026004e-07
2.8518420121748583e-07
2.8479383551081914e-07
2.8440399631073337e-07
2.8401468193416146e-07
2.8362589090479946e-07
2.832376219340779e-07
2.8284987389331984e-07
2.8246264586393265e-07
2.8207593707489087e-07
2.8168974693223145e-07
2.8130407501633537e-07
2.809189210362612e-07
2.8053428488681556e-07
2.801501665818111e-07
2.7976656629628086e-07
2.793834843447922e-07
2.790009211551544e-07
2.786188773148244e-07
2.782373535148383e-07
2.778563505723136e-07
2.7747586942675835e-07
2.7709591112584634e-07
2.767164768205146e-07
2.7633756777730314e-07
2.7595918535623236e-07
2.7558133102095697e-07
2.7520400631268026e-07
2.748272128719474e-07
2.74450952431929e-07
2.7407522678845376e-07
2.737000378383437e-07
2.7332538752376274e-07
2.729512778985155e-07
2.725777110384447e-07
2.722046891144805e-07
2.718322143598287e-07
2.7146028904430434e-07
2.710889155018073e-07
2.707180961346689e-07
2.7034783336887e-07
2.6997812969117055e-07
2.696089876251861e-07
2.6924040973707483e-07
2.6887239863774515e-07
2.6850495695601494e-07
2.6813808737260065e-07
2.677717925710641e-07
2.6740607528616816e-07
2.6704093827210245e-07
2.6667638429781653e-07
2.663124161481471e-07
2.6594903664480867e-07
2.6558624859835454e-07
2.652240548535767e-07
2.6486245825799086e-07
2.6450146165363703e-07
2.641410679160452e-07
2.637812799064125e-07
2.6342210048580215e-07
2.6306353252845097e-07
2.627055788884174e-07
2.6234824243930225e-07
2.6199152603769695e-07
2.6163543252393626e-07
2.612799647461115e-07
2.6092512553328654e-07
2.6057091769323945e-07
2.602173440422851e-07
2.5986440736193056e-07
2.5951211042605673e-07
2.5916045599274496e-07
2.5880944678819743e-07
2.5845908552517267e-07
2.5810937489661384e-07
2.5776031756537717e-07
2.5741191617642557e-07
2.570641733485948e-07
2.567170916599713e-07
2.5637067367425333e-07
2.5602492192200886e-07
2.556798389045606e-07
2.5533542708134014e-07
2.5499168889731194e-07
2.5464862673697395e-07
2.5430624298116557e-07
2.5396453995127674e-07
2.536235199430022e-07
2.532831852119819e-07
2.5294353797565634e-07
2.526045804197727e-07
2.522663146701332e-07
2.519287428355053e-07
2.51591866964065e-07
2.5125568908542504e-07
2.509202111638883e-07
2.505854351294146e-07
2.502513628746695e-07
2.499179962364183e-07
2.4958533701618476e-07
2.492533869702812e-07
2.4892214779529394e-07
2.485916211609149e-07
2.4826180868145094e-07
2.4793271192310615e-07
2.47604332405835e-07
2.472766716003166e-07
2.4694973094274836e-07
2.4662351179753446e-07
2.462980154985676e-07
2.4597324332587526e-07
2.45649196511601e-07
2.453258762347451e-07
2.450032836275591e-07
2.4468141977382585e-07
2.4436028571047385e-07
2.440398824155399e-07
2.437202108236236e-07
2.434012718171758e-07
2.4308306623485347e-07
2.427655948554985e-07
2.4244885841094263e-07
2.421328575871728e-07
2.41817593014092e-07
2.41503065277631e-07
2.411892749088004e-07
2.4087607948380197e-07
2.405636176291377e-07
2.4025189476938807e-07
2.3994091134277765e-07
2.3963066767021484e-07
2.393211640137211e-07
2.3901240057484446e-07
2.387043775077822e-07
2.3839709490205262e-07
2.3809055280116918e-07
2.37784751215057e-07
2.3747969007946656e-07
2.3717536929798436e-07
2.3687178871658967e-07
2.3656894813644052e-07
2.3626684730859558e-07
2.3596548594798548e-07
2.3566486369900562e-07
2.3536498017801358e-07
2.350658349507301e-07
2.347674275266323e-07
2.344697573825018e-07
2.341728239445367e-07
2.3387662658170037e-07
2.3358116463460205e-07
2.3328643740040964e-07
2.3299244411140878e-07
2.3269918397115976e-07
2.3240665613673552e-07
2.321148597205999e-07
2.3182379379781397e-07
2.3153345738631272e-07
2.3124384947572775e-07
2.309549690200707e-07
2.3066681490086906e-07
2.3037938599324568e-07
2.3009268111633413e-07
2.2980669904091898e-07
2.2952143851986325e-07
2.2923689824281904e-07
2.2895307688163343e-07
2.2866997304869873e-07
2.2838758534337305e-07
2.281059123014763e-07
2.2782495244047677e-07
2.2754470423031062e-07
2.272651661109699e-07
2.2698633648312297e-07
2.267082137189435e-07
2.2643079614936672e-07
2.261540820698231e-07
2.2587806974314543e-07
2.2560275740600987e-07
2.2532814325439468e-07
2.250542254533255e-07
2.2478100212932286e-07
2.245084713960215e-07
2.2423663131897557e-07
2.239654799390547e-07
2.236950152712042e-07
2.2342523529343697e-07
2.2315613795828078e-07
2.2288772119464147e-07
2.2261998289493044e-07
2.2235292092877007e-07
2.2208653313472876e-07
2.2182081732917297e-07
2.2155577130678251e-07
2.2129139282184665e-07
2.210276796284261e-07
2.2076462942370932e-07
2.2050223990746578e-07
2.202405087391615e-07
2.1997943357003215e-07
2.1971901202603925e-07
2.1945924168990286e-07
2.1920012015373838e-07
2.1894164496552032e-07
2.1868381366543344e-07
2.184266237678024e-07
2.1817007276504132e-07
2.1791415813979468e-07
2.1765887734582813e-07
2.1740422783122176e-07
2.1715020700894485e-07
2.1689681229183625e-07
2.1664404105581122e-07
2.1639189069335425e-07
2.1614035854474788e-07
2.1588944194938877e-07
2.1563913824697555e-07
2.1538944473774348e-07
2.1514035872864004e-07
2.1489187749475715e-07
2.1464399831470352e-07
2.143967184433548e-07
2.1415003512881343e-07
2.1390394559779217e-07
2.1365844708581712e-07
2.134135368005645e-07
2.1316921195136495e-07
2.1292546971246892e-07
2.1268230728703758e-07
2.1243972183909814e-07
2.1219771053062865e-07
2.1195627052801053e-07
2.117153989758397e-07
2.1147509300807214e-07
2.112353497774356e-07
2.1099616639521534e-07
2.107575399943262e-07
2.1051946768471524e-07
2.1028194658160188e-07
2.100449737939316e-07
2.0980854641274263e-07
2.0957266154064234e-07
2.0933731627546673e-07
2.0910250770161563e-07
2.088682329075394e-07
2.0863448897866286e-07
2.0840127299755168e-07
2.081685820478795e-07
2.0793641319982657e-07
2.0770476353112482e-07
2.0747363013099976e-07
2.0724301005722905e-07
2.0701290040050948e-07
2.067832982274559e-07
2.0655420061990823e-07
2.0632560465896636e-07
2.0609750741378624e-07
2.0586990596675944e-07
2.056427974037674e-07
2.0541617880884447e-07
2.0519004726094553e-07
2.049643998586641e-07
2.0473923369342754e-07
2.0451454585456314e-07
2.0429033344838817e-07
2.0406659357874125e-07
2.038433233445063e-07
2.0362051986550366e-07
2.0339818025597245e-07
2.0317630164115487e-07
2.0295488114891112e-07
2.0273391590628963e-07
2.025134030611292e-07
2.0229333974923864e-07
2.0207372313809897e-07
2.0185455036469801e-07
2.016358186151301e-07
2.0141752504715714e-07
2.011996668473836e-07
2.00982241204616e-07
2.0076524530933688e-07
2.0054867637442636e-07
2.0033253160921052e-07
2.0011680822690296e-07
1.9990150346723185e-07
1.996866145606381e-07
1.994721387632389e-07
1.9925807332703492e-07
1.9904441552394797e-07
1.9883116262224927e-07
1.986183119128462e-07
1.9840586070050896e-07
1.981938062841387e-07
1.9798214598050554e-07
1.9777087712568466e-07
1.9755999705795992e-07
1.973495031242768e-07
1.971393926921436e-07
1.9692966313383512e-07
1.9672031183133967e-07
1.9651133619008158e-07
1.9630273360666114e-07
1.960945015151481e-07
1.958866373439387e-07
1.9567913853239834e-07
1.9547200255409129e-07
1.9526522686164336e-07
1.9505880895822722e-07
1.948527463222835e-07
1.9464703647582278e-07
1.9444167694103566e-07
1.942366652529516e-07
1.9403199895535686e-07
1.9382767561515248e-07
1.9362369281365917e-07
1.934200481326622e-07
1.9321673918632055e-07
1.9301376358679814e-07
1.9281111896611278e-07
1.9260880297352892e-07
1.9240681327182308e-07
1.9220514752765157e-07
1.920038034361891e-07
1.9180277870163921e-07
1.916020710427951e-07
1.9140167818908894e-07
1.9120159789046865e-07
1.9100182790861787e-07
1.9080236601355186e-07
1.906032100127865e-07
1.9040435770114604e-07
1.902058069024166e-07
1.9000755545854752e-07
1.898096012162392e-07
1.896119420467351e-07
1.8941457582258342e-07
1.8921750045525322e-07
1.890207138512102e-07
1.8882421393767633e-07
1.8862799865852334e-07
1.8843206597334824e-07
1.8823641385914299e-07
1.880410402953731e-07
1.8784594330488036e-07
1.8765112089136512e-07
1.8745657109709964e-07
1.872622919753926e-07
1.8706828159305446e-07
1.8687453802860928e-07
1.866810593880822e-07
1.8648784377768298e-07
1.8629488933312605e-07
1.8610219419272223e-07
1.859097565223355e-07
1.857175744964235e-07
1.8552564630434987e-07
1.8533397015121672e-07
1.8514254427532403e-07
1.849513668988221e-07
1.8476043627742983e-07
1.845697506801235e-07
1.843793084027155e-07
1.8418910773471934e-07
1.8399914699867348e-07
1.8380942452326697e-07
1.8361993865005754e-07
1.8343068774629963e-07
1.832416701917085e-07
1.8305288437669802e-07
1.828643287101297e-07
1.8267600161628335e-07
1.824879015290109e-07
1.8230002690981098e-07
1.821123762156658e-07
1.81924947950362e-07
1.817377405973519e-07
1.8155075267375537e-07
1.813639827123482e-07
1.8117742926234858e-07
1.8099109087229043e-07
1.8080496612920576e-07
1.8061905361017333e-07
1.8043335192773583e-07
1.8024785969766663e-07
1.8006257555162812e-07
1.7987749814082018e-07
1.7969262612566585e-07
1.7950795819205742e-07
1.793234930163772e-07
1.7913922931736594e-07
1.7895516581532733e-07
1.7877130123573958e-07
1.785876343371962e-07
1.7840416388395482e-07
1.782208886399076e-07
1.7803780741294456e-07
1.778549189979601e-07
1.776722222219996e-07
1.7748971591475332e-07
1.7730739892218044e-07
1.7712527010768747e-07
1.7694332834204675e-07
1.7676157251795772e-07
1.7658000153648583e-07
1.7639861430767553e-07
1.7621740976469316e-07
1.760363868555584e-07
1.7585554451822982e-07
1.7567488173517826e-07
1.7549439748430147e-07
1.7531409075940637e-07
1.75133960572116e-07
1.7495400592881005e-07
1.74774225875574e-07
1.7459461945082988e-07
1.7441518571865962e-07
1.7423592374154837e-07
1.7405683260988453e-07
1.7387791141851018e-07
1.7369915927122553e-07
1.735205752902386e-07
1.7334215860540686e-07
1.731639083619285e-07
1.729858237177017e-07
1.728079038420395e-07
1.7263014790778811e-07
1.724525551116738e-07
1.722751246570358e-07
1.7209785575412144e-07
1.7192074763625095e-07
1.717437995327636e-07
1.7156701069864098e-07
1.7139038038911214e-07
1.712139078771286e-07
1.7103759244332071e-07
1.7086143338660243e-07
1.7068543000360793e-07
1.70509581606171e-07
1.703338875326272e-07
1.7015834710487416e-07
1.6998295967643398e-07
1.6980772460276449e-07
1.6963264124850664e-07
1.6945770899848205e-07
1.692829272320986e-07
1.6910829534777947e-07
1.6893381275856785e-07
1.6875947887853765e-07
1.6858529313012062e-07
1.6841125495479513e-07
1.6823736379874063e-07
1.6806361911905255e-07
1.6789002038238296e-07
1.6771656706041027e-07
1.6754325863321535e-07
1.6737009459992373e-07
1.6719707446480492e-07
1.670241977327669e-07
1.6685146393067915e-07
1.6667887258802898e-07
1.6650642323632626e-07
1.6633411542308076e-07
1.661619487032359e-07
1.6598992265008124e-07
1.6581803682150542e-07
1.656462908068097e-07
1.6547468419337067e-07
1.6530321657573417e-07
1.6513188756098708e-07
1.6496069675992908e-07
1.6478964379493328e-07
1.6461872829538082e-07
1.6444794989275797e-07
1.6427730823918028e-07
1.6410680297787913e-07
1.6393643376595043e-07
1.6376620027964454e-07
1.6359610218323748e-07
1.6342613916370923e-07
1.6325631090757571e-07
1.6308661710880114e-07
1.6291705747006384e-07
1.6274763169987824e-07
1.625783395117587e-07
1.6240918063077723e-07
1.622401547863552e-07
1.6207126171122274e-07
1.6190250114550963e-07
1.6173387284567054e-07
1.615653765624768e-07
1.6139701205594188e-07
1.6122877909494836e-07
1.6106067745074258e-07
1.608927069007462e-07
1.6072486723581998e-07
1.6055715824678934e-07
1.603895797238363e-07
1.6022213147976546e-07
1.600548133112127e-07
1.5988762504427052e-07
1.5972056648908492e-07
1.5955363747645024e-07
1.5938683782707962e-07
1.5922016738656523e-07
1.5905362599350218e-07
1.5888721349193142e-07
1.5872092973050897e-07
1.5855477456518647e-07
1.583887478614421e-07
1.5822284947528862e-07
1.580570792925383e-07
1.5789143717062753e-07
1.577259229988946e-07
1.5756053666486263e-07
1.5739527804812112e-07
1.5723014704326903e-07
1.5706514354886192e-07
1.5690026747531868e-07
1.5673551871605808e-07
1.5657089718094853e-07
1.564064027922648e-07
1.562420354674136e-07
1.5607779512215216e-07
1.5591368168531682e-07
1.5574969508994329e-07
1.5558583526298002e-07
1.5542210215047201e-07
1.5525849568264145e-07
1.5509501581670157e-07
1.5493166248619465e-07
1.5476843565564476e-07
1.5460533527392357e-07
1.5444236129656523e-07
1.5427951368879328e-07
1.5411679241654893e-07
1.539541974457978e-07
1.537917287477688e-07
1.5362938629821855e-07
1.534671700653679e-07
1.5330508003845586e-07
1.5314311620351632e-07
1.5298127853223994e-07
1.5281956702839694e-07
1.526579816730783e-07
1.5249652245897778e-07
1.5233518939108341e-07
1.5217398246759026e-07
1.5201290168027073e-07
1.5185194704071483e-07
1.5169111855252302e-07
1.5153041622449365e-07
1.5136984007415812e-07
1.51209390105276e-07
1.5104906633654167e-07
1.508888687854579e-07
1.5072879747787161e-07
1.5056885242882858e-07
1.5040903366076913e-07
1.5024934120316377e-07
1.5008977508253308e-07
1.4993033532589428e-07
1.4977102197055555e-07
1.496118350458331e-07
1.4945277458894607e-07
1.4929384063074164e-07
1.4913503322051992e-07
1.4897635238819287e-07
1.4881779817180415e-07
1.4865937062657274e-07
1.485010697873159e-07
1.4834289570972346e-07
1.4818484842773166e-07
1.4802692799881713e-07
1.4786913447281532e-07
1.477114679023416e-07
1.475539283319697e-07
1.4739651582408412e-07
1.4723923042323216e-07
1.470820721980759e-07
1.469250411963479e-07
1.467681374795303e-07
1.4661136110802632e-07
1.464547121397855e-07
1.4629819063867354e-07
1.4614179665936495e-07
1.459855302736677e-07
1.4582939154072317e-07
1.4567338052731317e-07
1.4551749729697562e-07
1.4536174191596654e-07
1.4520611445099552e-07
1.4505061496945117e-07
1.4489524354553362e-07
1.4474000023439e-07
1.4458488511750745e-07
1.444298982600552e-07
1.4427503973401919e-07
1.4412030961161277e-07
1.439657079600526e-07
1.4381123484884752e-07
1.4365689036320124e-07
1.435026745639226e-07
1.4334858752515707e-07
1.4319462932299885e-07
1.430408000296786e-07
1.4288709972771154e-07
1.4273352847801033e-07
1.4258008635941711e-07
1.4242677345170267e-07
1.422735898266237e-07
1.421205355561814e-07
1.419676107183532e-07
1.418148153916406e-07
1.416621496442297e-07
1.4150961355809762e-07
1.4135720720833543e-07
1.4120493066263484e-07
1.4105278400452924e-07
1.4090076730475544e-07
1.4074888064819233e-07
1.4059712409548933e-07
1.4044549773423422e-07
1.402940016291719e-07
1.4014263586569188e-07
1.39991400516933e-07
1.398402956464254e-07
1.3968932134293632e-07
1.395384776780891e-07
1.3938776471594176e-07
1.392371825400449e-07
1.3908673122262047e-07
1.3893641083843307e-07
1.3878622145451337e-07
1.3863616314965358e-07
1.3848623599502204e-07
1.3833644006004615e-07
1.3818677542353074e-07
1.3803724215050035e-07
1.3788784030724296e-07
1.3773856997682734e-07
1.375894312220363e-07
1.3744042411905018e-07
1.3729154872629243e-07
1.3714280511967359e-07
1.3699419336775188e-07
1.368457135408131e-07
1.3669736570140405e-07
1.3654914992086373e-07
1.3640106626002737e-07
1.3625311479242385e-07
1.361052955814185e-07
1.3595760868649833e-07
1.3581005417727524e-07
1.3566263211664435e-07
1.3551534256484837e-07
1.3536818558704133e-07
1.3522116124881386e-07
1.3507426960524515e-07
1.349275107200124e-07
1.3478088465371038e-07
1.3463439146637663e-07
1.344880312161014e-07
1.3434180395976533e-07
1.3419570975938182e-07
1.3404974866537418e-07
1.3390392073640362e-07
1.3375822603342683e-07
1.33612664599121e-07
1.3346723649872542e-07
1.3332194178453365e-07
1.331767805014517e-07
1.3303175271169338e-07
1.3288685845653025e-07
1.3274209779377114e-07
1.325974707679976e-07
1.324529774351583e-07
1.32308617835028e-07
1.3216439202254549e-07
1.3202030003844086e-07
1.3187634193057213e-07
1.3173251774800535e-07
1.315888275256221e-07
1.3144527131580832e-07
1.313018491597501e-07
1.311585610913278e-07
1.3101540716133795e-07
1.3087238740974135e-07
1.3072950187136603e-07
1.3058675058460922e-07
1.3044413358837972e-07
1.3030165092657196e-07
1.3015930261924816e-07
1.3001708872044884e-07
1.2987500925021898e-07
1.2973306425099067e-07
1.2959125375238867e-07
1.294495777851193e-07
1.2930803637724598e-07
1.2916662956977377e-07
1.2902535738410965e-07
1.2888421984751483e-07
1.2874321699115525e-07
1.2860234884564614e-07
1.284616154275115e-07
1.283210167660507e-07
1.2818055289188916e-07
1.2804022381833345e-07
1.279000295699124e-07
1.2775997017454675e-07
1.276200456475804e-07
1.2748025601331134e-07
1.2734060128514452e-07
1.272010814792868e-07
1.2706169662147833e-07
1.2692244672473071e-07
1.2678333180861586e-07
1.2664435187763573e-07
1.265055069483078e-07
1.2636679704015732e-07
1.2622822216097297e-07
1.260897823243939e-07
1.259514775373941e-07
1.2581330780545868e-07
1.2567527314980588e-07
1.25537373565304e-07
1.2539960906532068e-07
1.2526197965460255e-07
1.2512448533644682e-07
1.249871261193184e-07
1.2484990200174142e-07
1.2471281298632137e-07
1.245758590830839e-07
1.244390402759656e-07
1.243023565849075e-07
1.241658079896535e-07
1.2402939450179611e-07
1.2389311611303182e-07
1.2375697282362553e-07
1.2362096462682312e-07
1.234850915153034e-07
1.2334935348222537e-07
1.2321375052354003e-07
1.2307828263315552e-07
1.2294294979519518e-07
1.2280775200897368e-07
1.2267268925823037e-07
1.2253776153143068e-07
1.2240296882003184e-07
1.2226831110984848e-07
1.22133788383964e-07
1.2199940063382486e-07
1.2186514783401947e-07
1.2173102998141138e-07
1.2159704704896932e-07
1.2146319902061807e-07
1.213294858802305e-07
1.2119590760791174e-07
1.2106246418237942e-07
1.2092915558207208e-07
1.2079598178005978e-07
1.2066294276328786e-07
1.205300385047887e-07
1.2039726897438404e-07
1.202646341551973e-07
1.2013213401707472e-07
1.1999976853393468e-07
1.1986753767270712e-07
1.1973544141688798e-07
1.1960347972622816e-07
1.1947165257245073e-07
1.1933995993071723e-07
1.1920840176316541e-07
1.1907697804801737e-07
1.1894568873622014e-07
1.1881453380965489e-07
1.1868351321866547e-07
1.1855262693972369e-07
1.1842187493284671e-07
1.1829125715904109e-07
1.1816077358274486e-07
1.1803042416738544e-07
1.1790020887361476e-07
1.1777012766081838e-07
1.1764018048494006e-07
1.1751036730583786e-07
1.1738068808517044e-07
1.1725114278027716e-07
1.1712173134396773e-07
1.1699245373356564e-07
1.1686330990487877e-07
1.1673429981250303e-07
1.1660542341032557e-07
1.1647668064897278e-07
1.1634807148287798e-07
1.1621959586529764e-07
1.1609125374572251e-07
1.1596304507252529e-07
1.1583496979819763e-07
1.1570702786747376e-07
1.1557921922843276e-07
1.154515438353457e-07
1.1532400163387864e-07
1.1519659256199566e-07
1.1506931657678432e-07
1.1494217361409526e-07
1.148151636192468e-07
1.1468828654060993e-07
1.1456154231970693e-07
1.1443493089699576e-07
1.143084522126785e-07
1.1418210621523454e-07
1.140558928328222e-07
1.1392981201944358e-07
1.1380386370335211e-07
1.1367804782517146e-07
1.1355236433053377e-07
1.1342681314750875e-07
1.1330139421786252e-07
1.1317610747592014e-07
1.130509528546003e-07
1.1292593029313959e-07
1.128010397274325e-07
1.1267628108709691e-07
1.1255165430409155e-07
1.1242715931617993e-07
1.1230279605709645e-07
1.1217856445013891e-07
1.1205446442579443e-07
1.1193049592392316e-07
1.1180665886984861e-07
1.1168295319225948e-07
1.1155937881810116e-07
1.1143593568062579e-07
1.1131262370072012e-07
1.1118944281348322e-07
1.1106639293658769e-07
1.1094347400441955e-07
1.1082068593467323e-07
1.1069802865827928e-07
1.105755020968485e-07
1.1045310617704334e-07
1.1033084081960287e-07
1.1020870594558233e-07
1.1008670148403849e-07
1.0996482735325514e-07
1.0984308346957825e-07
1.0972146976140551e-07
1.095999861464809e-07
1.0947863254929615e-07
1.0935740887666981e-07
1.0923631506062183e-07
1.091153510145806e-07
1.0899451665599594e-07
1.0887381190300452e-07
1.0875323667548083e-07
1.0863279088248368e-07
1.0851247445147449e-07
1.0839228728987462e-07
1.082722293135297e-07
1.0815230044021839e-07
1.0803250058611698e-07
1.0791282965991238e-07
1.0779328757972391e-07
1.0767387425421425e-07
1.0755458960059003e-07
1.0743543352959043e-07
1.0731640595153498e-07
1.0719750677794748e-07
1.0707873592327865e-07
1.0696009329460438e-07
1.0684157880295365e-07
1.0672319236036664e-07
1.0660493387451227e-07
1.0648680325385184e-07
1.0636880040788683e-07
1.0625092524605517e-07
1.0613317767399978e-07
1.0601555760020471e-07
1.0589806492959934e-07
1.0578069957329278e-07
1.0566346143843102e-07
1.0554635042568089e-07
1.0542936644556093e-07
1.0531250940006866e-07
1.0519577919612532e-07
1.0507917573734594e-07
1.0496269892557332e-07
1.0484634867182339e-07
1.0473012487399322e-07
1.0461402743816152e-07
1.0449805626132796e-07
1.043822112513932e-07
1.042664923120486e-07
1.041508993415582e-07
1.0403543224691778e-07
1.0392009091939515e-07
1.0380487526941595e-07
1.0368978519224384e-07
1.0357482059300219e-07
1.0345998136790427e-07
1.0334526741688694e-07
1.0323067863995027e-07
1.0311621493634205e-07
1.0300187620813172e-07
1.0288766234418932e-07
1.0277357325827614e-07
1.0265960883436303e-07
1.0254576897718181e-07
1.0243205357864568e-07
1.023184625442517e-07
1.0220499576264183e-07
1.0209165313750281e-07
1.019784345614873e-07
1.0186533992803553e-07
1.017523691388035e-07
1.0163952208747053e-07
1.015267986654622e-07
1.0141419877412788e-07
1.013017223020372e-07
1.0118936914736014e-07
1.0107713920540855e-07
1.0096503236682301e-07
1.0085304852804375e-07
1.0074118758154559e-07
1.0062944941980825e-07
1.0051783393854474e-07
1.0040634102937939e-07
1.0029497058954583e-07
1.0018372250206695e-07
1.0007259666273612e-07
9.996159296705185e-08
9.985071130599605e-08
9.973995156972859e-08
9.962931365164689e-08
9.951879744177428e-08
9.940840282783807e-08
9.929812970525836e-08
9.918797796154909e-08
9.907794748797568e-08
9.896803818023427e-08
9.885824992046994e-08
9.874858260195474e-08
9.863903611298308e-08
9.852961034740553e-08
9.842030518805129e-08
9.83111205262086e-08
9.820205625717725e-08
9.809311225934219e-08
9.798428843116829e-08
9.787558465467245e-08
9.776700081887926e-08
9.765853681295436e-08
9.755019252862952e-08
9.744196784817356e-08
9.733386265996815e-08
9.722587685122957e-08
9.711801031735882e-08
9.701026293605765e-08
9.690263459685291e-08
9.679512518833707e-08
9.668773459659978e-08
9.658046270550326e-08
9.647330940643332e-08
9.636627458512171e-08
9.62593581212602e-08
9.615255991145886e-08
9.604587983311018e-08
9.593931777457275e-08
9.583287362641486e-08
9.57265472670816e-08
9.562033858511284e-08
9.551424746545216e-08
9.540827379388711e-08
9.530241745856449e-08
9.519667833678838e-08
9.509105632437061e-08
9.498555129744928e-08
9.488016314002469e-08
9.477489174468248e-08
