3.362024182506305e-14
5.416018148291738e-16
2.690595807330605e-16
1.728263413628573e-16
1.8272281002747526e-16
1.7226149921443351e-16
1.4964156438133605e-16
1.384062119835361e-16
1.3254880903726162e-16
1.252346606660973e-16
1.1687700583773657e-16
1.0797592339977378e-16
9.894381306217539e-17
9.01014540196912e-17
8.164848967735808e-17
7.376938049830614e-17
6.665878054775015e-17
6.090658714281238e-17
5.646463826460564e-17
5.264371535262885e-17
4.935049872321806e-17
4.65021970616225e-17
4.402507169718005e-17
4.185470867388124e-17
3.9937731300740486e-17
3.822630614071544e-17
3.668246502036411e-17
3.527548973739191e-17
3.3980649614649225e-17
3.2778844794829473e-17
3.165828728688991e-17
3.0607276625739746e-17
2.962083383673709e-17
2.869088988267432e-17
2.780935711150813e-17
2.697145755700689e-17
2.617349200921445e-17
2.541247860208102e-17
2.4685925899397282e-17
2.3991711878423267e-17
2.3327995374870673e-17
2.2693144811337714e-17
2.208462208945675e-17
2.150113444035126e-17
2.0942394418682983e-17
2.0407185819661483e-17
1.9894347840058382e-17
1.940276697421954e-17
1.8931372240657136e-17
1.8479132755888715e-17
1.80450570336729e-17
1.7628193984936106e-17
1.7227637699451784e-17
1.6842553142452123e-17
1.647237709774261e-17
1.6116862617353344e-17
1.5775473939021894e-17
1.5447175917140588e-17
1.513107585075571e-17
1.4826507299317332e-17
1.4532865724204973e-17
1.424958538226297e-17
1.3976134136152646e-17
1.3712011167534971e-17
1.3456745348408315e-17
1.32098937351389e-17
1.2971040094184669e-17
1.2739793558599403e-17
1.2515787512522765e-17
1.2298678841751902e-17
1.2088147894951728e-17
1.1883899864849504e-17
1.1685668300215536e-17
1.1493217763677087e-17
1.1306333160823186e-17
1.1124794807360235e-17
1.094837043071373e-17
1.0776831221618695e-17
1.0609964272250328e-17
1.0447573213171802e-17
1.028947539468595e-17
1.0135499561620265e-17
9.985484310983291e-18
9.839277029793104e-18
9.69673309868784e-18
9.557715249493251e-18
9.422093020559206e-18
9.289742280648672e-18
9.16020863095843e-18
9.033365350783173e-18
8.909449740672308e-18
8.788358959656e-18
8.669994848190087e-18
8.554263975668544e-18
8.441083955292722e-18
8.330653876123954e-18
8.223085218683267e-18
8.117903502659487e-18
8.015030742652174e-18
7.914395410246954e-18
7.815928882779587e-18
7.719565167900211e-18
7.625240748643039e-18
7.532894457590784e-18
7.442467364413236e-18
7.353902672378294e-18
7.267145622062907e-18
7.18214340128015e-18
7.098845060561373e-18
7.017201433698541e-18
6.937165062929025e-18
6.858690128436556e-18
6.781732381897597e-18
6.706249083865394e-18
6.632198944881467e-18
6.559542070280042e-18
6.48823990884082e-18
6.418255205683292e-18
6.34955196024377e-18
6.282095391023469e-18
6.215851910405164e-18
6.150789116231923e-18
6.0868758143456625e-18
6.0240821039932926e-18
5.962379603048028e-18
5.901742010921733e-18
5.842146527409724e-18
5.783577191954865e-18
5.726029029579249e-18
5.669498048827671e-18
5.6139576567845305e-18
5.559368231034366e-18
5.505695453463417e-18
5.452911543960587e-18
5.400992396136055e-18
5.349915905110337e-18
5.2996612184331335e-18
5.2502083952107554e-18
5.201538237242586e-18
5.153632196234112e-18
5.106472317210642e-18
5.060041200664044e-18
5.0143219754968074e-18
4.969298279219165e-18
4.924954244295611e-18
4.881274491405591e-18
4.8382441327660926e-18
4.79584879305154e-18
4.7540746653336155e-18
4.712908644443239e-18
4.672338650202956e-18
4.632354467687852e-18
4.592950105901413e-18
4.554130048336693e-18
4.515915383333863e-18
4.478314165142179e-18
4.441181451895245e-18
4.404464304954143e-18
4.368272284970462e-18
4.332590929291366e-18
4.297408281119223e-18
4.262713542703972e-18
4.228496568492212e-18
4.194747651458617e-18
4.161457421949604e-18
4.128616794268765e-18
4.096216935396263e-18
4.064249244807324e-18
4.032705340231269e-18
4.001577046797872e-18
3.970856388230347e-18
3.940535579334126e-18
3.910607019368654e-18
3.8810632860303405e-18
3.851897129899858e-18
3.823101469246996e-18
3.7946693851225126e-18
3.766594116701936e-18
3.7388690568304624e-18
3.711487747766677e-18
3.6844438770909245e-18
3.657731273777884e-18
3.631343904413335e-18
3.605275869556052e-18
3.579521400238957e-18
3.554074854601254e-18
3.528930714658519e-18
3.504083583206926e-18
3.479528180875367e-18
3.4552593433308762e-18
3.43127201865932e-18
3.407561264958455e-18
3.3841222482019455e-18
3.3609502404498528e-18
3.3380406185898217e-18
3.3153888638518434e-18
3.2929905626042724e-18
3.2708414093476725e-18
3.248937213717411e-18
3.2272739153332987e-18
3.205847615113484e-18
3.1846546442102696e-18
3.163691727597187e-18
3.1429564111714947e-18
3.1224482690694035e-18
3.102171934605107e-18
3.0821380094987026e-18
3.0623461357721964e-18
3.0427812842423623e-18
3.0234318774404676e-18
3.0042912457422684e-18
2.9853547701158696e-18
2.9666186455361398e-18
2.9480794408166475e-18
2.92973392949713e-18
2.9115790174168992e-18
2.8936117084205316e-18
2.8758290866487213e-18
2.858228306719381e-18
2.8408065879733674e-18
2.8235612110330583e-18
2.8064895158065875e-18
2.7895889005678894e-18
2.772856821972594e-18
2.756290796080894e-18
2.7398884006187313e-18
2.723647278915814e-18
2.707565146284114e-18
2.6916398000583053e-18
2.675869135308039e-18
2.66025116947585e-18
2.6447840811924857e-18
2.6294662713759185e-18
2.614296457755761e-18
2.5992738128249844e-18
2.5843981345820283e-18
2.569669962424659e-18
2.5550903902945907e-18
2.5406602656631264e-18
2.5263790017987355e-18
2.5122440733707164e-18
2.4982517210292987e-18
2.4843980011877455e-18
2.470679365177631e-18
2.4570927703545102e-18
2.4436355964739315e-18
2.430305531997209e-18
2.417100482604349e-18
2.404018507502326e-18
2.3910577771738887e-18
2.3782165456404354e-18
2.365493132118089e-18
2.3528859086890493e-18
2.340393291852617e-18
2.3280137365979212e-18
2.3157457321446634e-18
2.3035877988098884e-18
2.2914974811218307e-18
2.2794653508539128e-18
2.267539075156321e-18
2.255717278808104e-18
2.243998609703657e-18
2.2323817385001234e-18
2.2208653577542588e-18
2.209448181260479e-18
2.1981289434714104e-18
2.186906398968582e-18
2.1757793219779313e-18
2.1647465059188243e-18
2.153806762986226e-18
2.1429589237533657e-18
2.132201836798431e-18
2.1215343683442833e-18
2.1109554019181788e-18
2.1004638380178158e-18
2.09005859379661e-18
2.079738602750154e-18
2.0695028144218954e-18
2.059350194110672e-18
2.049279722589888e-18
2.039290395832889e-18
2.0293812247481592e-18
2.019551234917414e-18
2.009799466345001e-18
2.000124973212685e-18
1.9905268236376537e-18
1.9810040994430292e-18
1.971555895929696e-18
1.962181321658987e-18
1.9528794982383613e-18
1.9436495601191943e-18
1.9344906543990184e-18
1.9254019406340422e-18
1.916382590666553e-18
1.9074317884575957e-18
1.8985487299435617e-18
1.8897326229104054e-18
1.8809826868962877e-18
1.87229815313789e-18
1.8636782645693686e-18
1.8551222759138902e-18
1.8466294539092467e-18
1.8381990777489892e-18
1.8298304398965523e-18
1.821522847547624e-18
1.8132756252919486e-18
1.8050881201533264e-18
1.796959711660003e-18
1.788889833569356e-18
1.7808780256496558e-18
1.772924073532878e-18
1.7650284415836553e-18
1.757193650043256e-18
1.7494263103670477e-18
1.7417303710978392e-18
1.734098870136221e-18
1.7265256341826455e-18
1.7190081091357025e-18
1.7115450263975688e-18
1.7041355291021531e-18
1.696778917542749e-18
1.689474563834234e-18
1.6822218786243006e-18
1.6750202964105915e-18
1.6678692684149028e-18
1.660768258848555e-18
1.6537167428406262e-18
1.6467142052426637e-18
1.639760139927885e-18
1.63285404939102e-18
1.6259954445461789e-18
1.6191838446708289e-18
1.6124187774715557e-18
1.6056997792562612e-18
1.5990263952292418e-18
1.592398179907672e-18
1.5858146976945565e-18
1.5792755236401583e-18
1.5727802444303343e-18
1.5663284596709423e-18
1.5599197835433543e-18
1.5535538469242965e-18
1.5472303000873009e-18
1.5409488161156351e-18
1.5347090951441223e-18
1.5285108695141724e-18
1.5223539097701184e-18
1.51623803115732e-18
1.5101630997127073e-18
1.5041290361485417e-18
1.4981358145263342e-18
1.4921834516086326e-18
1.4862719828851293e-18
1.4804014241425476e-18
1.4745717239594619e-18
1.468782720118731e-18
1.463034115696453e-18
1.4573254838919177e-18
1.4516562978411713e-18
1.4460259720910317e-18
1.4404339017696141e-18
1.4348794913684577e-18
1.4293621716255913e-18
1.4238814068322747e-18
1.4184366959281637e-18
1.4130275702432177e-18
1.407653589817157e-18
1.402314339412428e-18
1.3970094247754285e-18
1.3917384693713097e-18
1.386501111642617e-18
1.381297002758174e-18
1.3761258047846909e-18
1.3709871892131074e-18
1.3658808357705863e-18
1.360806431463369e-18
1.3557636698021876e-18
1.3507522501715058e-18
1.3457718773160508e-18
1.3408222609171477e-18
1.335903115242168e-18
1.331014158851654e-18
1.3261551143540502e-18
1.3213257081958382e-18
1.3165256704854504e-18
1.311754734837056e-18
1.3070126382389201e-18
1.3022991209365717e-18
1.297613926328881e-18
1.2929568008760997e-18
1.2883274940182276e-18
1.283725758099859e-18
1.2791513483026554e-18
1.2746040225831725e-18
1.2700835416150663e-18
1.2655896687369354e-18
1.2611221699014931e-18
1.2566808136293436e-18
1.2522653709657698e-18
1.247875615437912e-18
1.2435113230158347e-18
1.2391722720751999e-18
1.2348582433602364e-18
1.2305690199500812e-18
1.2263043872241077e-18
1.222064132830875e-18
1.2178438153840164e-18
1.2136171238806406e-18
1.2094142456001938e-18
1.2052349770123188e-18
1.201079116321965e-18
1.1969464639727444e-18
1.1928368225064315e-18
1.1887499965298018e-18
1.184685792688769e-18
1.1806440196431966e-18
1.1766244880350496e-18
1.1726270104627438e-18
1.1686514014559329e-18
1.1646974774502463e-18
1.1607650567673613e-18
1.1568539595913244e-18
1.1529640079477234e-18
1.1490950256848335e-18
1.1452468384517568e-18
1.1414192736790323e-18
1.1376121605590715e-18
1.1338253300269443e-18
1.1300586147409901e-18
1.1263118490655997e-18
1.122584869052202e-18
1.11887751242267e-18
1.1151896185516128e-18
1.1115210284505965e-18
1.1078715847542376e-18
1.1042411317035807e-18
1.1006295151342914e-18
1.0970365824648392e-18
1.0934621826865141e-18
1.0899061663544904e-18
1.0863683855848082e-18
1.0828486940518927e-18
1.0793469469946985e-18
1.0758630012279954e-18
1.0723967151675875e-18
1.068947948868818e-18
1.0655165640942676e-18
1.0621024244173004e-18
1.05870539539042e-18
1.0553253448213184e-18
1.0519621432361847e-18
1.0486156646833738e-18
1.0452857882134967e-18
1.041972400764669e-18
1.0386754032813581e-18
1.0353947251230186e-18
1.0321303629839225e-18
1.0288825061476632e-18
1.0256520098477767e-18
1.0224416959490685e-18
1.0192551983116508e-18
1.0160909535587429e-18
1.0129448580079292e-18
1.009815261038107e-18
1.0067016071104025e-18
1.0036036241863464e-18
1.0005211298262854e-18
9.974539768226844e-19
9.944020343956475e-19
9.913651805622285e-19
9.883432986510518e-19
9.853362755577526e-19
9.823440008107268e-19
9.793663660383146e-19
9.76403264659129e-19
9.734545916881697e-19
9.705202436259395e-19
9.676001183858195e-19
9.646941152593354e-19
9.618021348968106e-19
9.589240793114826e-19
9.560598518916724e-19
9.532093574273059e-19
9.503725021487836e-19
9.475491937747467e-19
9.44739341572935e-19
9.419428564349623e-19
9.391596509618931e-19
9.363896395696661e-19
9.336327386088643e-19
9.308888665047539e-19
9.28157943921077e-19
9.254398939460495e-19
9.227346423052967e-19
9.20042117606693e-19
9.173622516092785e-19
9.146949795266742e-19
9.120402403555216e-19
9.093979772237044e-19
9.06768137752497e-19
9.041506744047186e-19
9.015455448031509e-19
8.98952711966082e-19
8.963721444181196e-19
8.938038161000035e-19
8.912477059975755e-19
8.887037974071635e-19
8.861720767601544e-19
8.836525319600864e-19
8.811451502476144e-19
8.78649915689079e-19
8.76166806480942e-19
8.73695792350571e-19
8.712368323749103e-19
8.687898735203967e-19
8.663548501023246e-19
8.639316842195392e-19
8.615202870527094e-19
8.591205607943994e-19
8.567324009119046e-19
8.543556984593225e-19
8.519903422108462e-19
8.496362204731495e-19
8.472932225090939e-19
8.449612395796479e-19
8.426401656376834e-19
8.403298977394859e-19
8.380303362333813e-19
8.357413847908686e-19
8.334629503264048e-19
8.311949428484168e-19
8.289372752710352e-19
8.266898632058718e-19
8.244526247527776e-19
8.22225480292852e-19
8.200083522966078e-19
8.178011651434037e-19
8.15603844958959e-19
8.134163194667175e-19
8.112385178572272e-19
8.090703706685468e-19
8.069118096838602e-19
8.047627678365293e-19
8.026231791292659e-19
8.004929785623033e-19
7.9837210206668215e-19
7.962604864500141e-19
7.941580693445629e-19
7.920647891626748e-19
7.899805850578262e-19
7.879053968872259e-19
7.858391651829919e-19
7.837818311201566e-19
7.817333364939403e-19
7.796936236962752e-19
7.7766263569374225e-19
7.756403160103348e-19
7.736266087094112e-19
7.716214583784007e-19
7.696248101152297e-19
7.676366095137678e-19
7.65656802653997e-19
7.636853360882715e-19
7.617221568339606e-19
7.597672123618753e-19
7.578204505882881e-19
7.558818198663445e-19
7.539512689789674e-19
7.520287471300207e-19
7.501142039402782e-19
7.482075894377587e-19
7.463088540539483e-19
7.444179486170042e-19
7.425348243459667e-19
7.406594328467378e-19
7.387917261052482e-19
7.369316564845542e-19
7.35079176718351e-19
7.332342399081647e-19
7.313967995180558e-19
7.295668093707124e-19
7.277442236432253e-19
7.25928996864114e-19
7.24121083908527e-19
7.223204399945115e-19
7.205270206807521e-19
7.18740781862069e-19
7.169616797662516e-19
7.151896709500435e-19
7.134247122979264e-19
7.116667610168349e-19
7.099157746347971e-19
7.081717109961131e-19
7.064345282607028e-19
7.047041848988161e-19
7.029806396904765e-19
7.012638517205472e-19
6.9955378037739995e-19
6.978503853504894e-19
6.961536266266946e-19
6.94463464487994e-19
6.927798595094289e-19
6.911027725563933e-19
6.894321647816969e-19
6.877679976238621e-19
6.861102328045908e-19
6.844588323254765e-19
6.8281375846747105e-19
6.811749737872054e-19
6.795424411148436e-19
6.779161235528561e-19
6.7629598447263745e-19
6.746819875132804e-19
6.730740965792012e-19
6.714722758378549e-19
6.698764897179782e-19
6.682867029077541e-19
6.667028803517758e-19
6.651249872517151e-19
6.635529890605571e-19
6.619868514847119e-19
6.604265404797723e-19
6.588720222498301e-19
6.573232632442118e-19
6.557802301590744e-19
6.542428899321654e-19
6.527112097442449e-19
6.51185157015726e-19
6.496520651440262e-19
6.481238240075744e-19
6.466011411017231e-19
6.45083984661274e-19
6.43572323219424e-19
6.420661255551378e-19
6.405653606884789e-19
6.390699978817838e-19
6.375800066438e-19
6.360953567262308e-19
6.34616018125516e-19
6.331419610867221e-19
6.316731561071509e-19
6.302095739468151e-19
6.287511856427464e-19
6.272979625290389e-19
6.258498762701793e-19
6.244068989091498e-19
6.229690029424417e-19
6.215361614443701e-19
6.201083482734127e-19
6.186855384380039e-19
6.172677087834837e-19
6.158548393827594e-19
6.14446916636502e-19
6.130439411209115e-19
6.116459511994897e-19
6.102531126386866e-19
6.088661247919194e-19
6.074869087232758e-19
6.061166294483161e-19
6.0475370086408e-19
6.033963403272435e-19
6.020440481979559e-19
6.00696671963232e-19
5.993541403949722e-19
5.980164079821909e-19
5.966834394296292e-19
5.953552042134404e-19
5.940316743353374e-19
5.927128232800787e-19
5.913986254855853e-19
5.900890560553928e-19
5.88784090593101e-19
5.874837051032003e-19
5.861878759297177e-19
5.848965797153897e-19
5.836097933788934e-19
5.823274940965933e-19
5.810496592921088e-19
5.797762666317757e-19
5.785072940196715e-19
5.772427195978296e-19
5.759825217460448e-19
5.747266790845415e-19
5.734751704776129e-19
5.722279750379516e-19
5.70985072131818e-19
5.697464413862004e-19
5.685120626962534e-19
5.672819162336181e-19
5.660559824559024e-19
5.648342421177869e-19
5.636166762818963e-19
5.624032663329927e-19
5.611939939903404e-19
5.59988841325055e-19
5.58787790774453e-19
5.575908251612922e-19
5.563979277131181e-19
5.552090820815227e-19
5.54024272364248e-19
5.528434831286361e-19
5.516666994335705e-19
5.504939068549236e-19
5.4932509150951915e-19
5.481602400783284e-19
5.469993398316302e-19
5.458423786483009e-19
5.446893450363207e-19
5.435402281455235e-19
5.423950177784805e-19
5.412537043921681e-19
5.401162790899199e-19
5.389827336036486e-19
5.378530602621512e-19
5.367272519428991e-19
5.356053020069387e-19
5.344872042144951e-19
5.333729526180556e-19
5.322625414383758e-19
5.31155964915927e-19
5.300532171498928e-19
5.289542919204093e-19
5.278591825045243e-19
5.267678814905363e-19
5.256803806004147e-19
5.24596670527089e-19
5.235167407969742e-19
5.22440579663102e-19
5.213681740358606e-19
5.202995094543212e-19
5.192345700993737e-19
5.181733388453703e-19
5.171157973479236e-19
5.16061926159411e-19
5.150117048677303e-19
5.139651122453784e-19
5.129221264097817e-19
5.118827249765664e-19
5.108468852112988e-19
5.098145841668536e-19
5.087857988095163e-19
5.077605061265049e-19
5.067386832195217e-19
5.057203073810313e-19
5.047053561553225e-19
5.036938073864535e-19
5.026856392531348e-19
5.016808302920049e-19
5.006793594150211e-19
4.996812059156519e-19
4.986863494712663e-19
4.976947701400825e-19
4.967064483548688e-19
4.957213649131162e-19
4.947395009653531e-19
4.937608380037269e-19
4.927853578467177e-19
4.918130426267461e-19
4.90843874775338e-19
4.898778370093805e-19
4.889149123173794e-19
4.879550839470478e-19
4.869983353917081e-19
4.860446503788199e-19
4.850940128589513e-19
4.841464069942944e-19
4.832018171497082e-19
4.822602278817981e-19
4.813216239315613e-19
4.803859902151521e-19
4.794533118164777e-19
4.785235739802661e-19
4.775967621051593e-19
4.766728617374762e-19
4.757518585660015e-19
4.748337384155233e-19
4.739184872428588e-19
4.73006091131812e-19
4.720965362891601e-19
4.711898090398587e-19
4.702858958242634e-19
4.69384783194008e-19
4.6848645780926775e-19
4.67590906434657e-19
4.666981159379811e-19
4.658080732866775e-19
4.649207655449822e-19
4.640361798720223e-19
4.631543035201544e-19
4.622751238318817e-19
4.613986282388202e-19
4.605248042595248e-19
4.596536394971842e-19
4.587851216393383e-19
4.579192384552604e-19
4.570559777950448e-19
4.56195327587675e-19
4.553372758405929e-19
4.544818106377475e-19
4.536289201388031e-19
4.527785925777046e-19
4.519308162620125e-19
4.510855795718132e-19
4.502428709582812e-19
4.494026789435667e-19
4.48564992118425e-19
4.477297991442101e-19
4.468970887487271e-19
4.46066849727308e-19
4.45239070942285e-19
4.444137413210195e-19
4.435908498563014e-19
4.4277038560507535e-19
4.419523376879303e-19
4.411366952891355e-19
4.403234476545995e-19
4.395125840920786e-19
4.38704093971236e-19
4.378979667223748e-19
4.370941918352547e-19
4.362927588601429e-19
4.354936574058222e-19
4.346968771402662e-19
4.339024077891835e-19
4.331102391359804e-19
4.3232036102155407e-19
4.3153276334320326e-19
4.307474360547824e-19
4.2996436916601046e-19
4.2918355274200783e-19
4.2840497690284727e-19
4.276286318232797e-19
4.2685450773224206e-19
4.26082594912905e-19
4.253128837011169e-19
4.2454536448625063e-19
4.2378002771052483e-19
4.230168638681222e-19
4.2225586350559184e-19
4.2149701722031467e-19
4.207403156621438e-19
4.199857495308024e-19
4.192333095768039e-19
4.1848298660142695e-19
4.1773477145530633e-19
4.169886550388632e-19
4.162446283021249e-19
4.15502682243298e-19
4.147628079101467e-19
4.1402499639795186e-19
4.132892388507117e-19
4.1255552645991464e-19
4.118238504641679e-19
4.11094202150085e-19
4.1036657285011797e-19
4.0964095394417387e-19
4.0891733685791294e-19
4.081957130635701e-19
4.074760740786567e-19
4.067584114661802e-19
4.060427168350109e-19
4.0532898183839537e-19
4.0461719817442997e-19
4.0390735758556665e-19
4.031994518589716e-19
4.0249347282531527e-19
4.017894123589489e-19
4.0108726237812657e-19
4.003870148438269e-19
3.996886617605924e-19
3.9899219517521487e-19
3.982976071773224e-19
3.976048898990892e-19
3.969140355140303e-19
3.96225036238305e-19
3.9553788432976975e-19
3.948525720871572e-19
3.941690918509245e-19
3.9348743600252335e-19
3.9280759696425063e-19
3.921295671989066e-19
3.914533392102534e-19
3.9077890554185666e-19
3.9010625877795996e-19
3.8943539154212525e-19
3.887662964986652e-19
3.8809896635110577e-19
3.874333938420437e-19
3.867695717549349e-19
3.8610749291096393e-19
3.8544715017160705e-19
3.847885364372132e-19
3.841316446474361e-19
3.834764677809548e-19
3.828229988556194e-19
3.821712309286328e-19
3.8152115709661076e-19
3.808727704956615e-19
3.8022606430178016e-19
3.7958103173148206e-19
3.7893766604159156e-19
3.782959605317696e-19
3.7765590854323745e-19
3.7701750346186517e-19
3.763807387201788e-19
3.7574560779944202e-19
3.751121042335452e-19
3.7448022161513533e-19
3.738499536026145e-19
3.7322129393299217e-19
3.725942364382917e-19
3.719687750731026e-19
3.713449039594399e-19
3.7072261745997003e-19
3.701019103085899e-19
3.6948277785552678e-19
3.6886521656303096e-19
3.682492251153302e-19
3.676348072421658e-19
3.670219803756028e-19
3.66410810174471e-19
3.658015949506003e-19
3.651953137608374e-19
3.6459259328213742e-19
3.639927824117021e-19
3.633948794390872e-19
3.6279863137449994e-19
3.6220397484841964e-19
3.6161088454721246e-19
3.6101934627924993e-19
3.604293500652755e-19
3.5984088782165398e-19
3.592539524321733e-19
3.5866853732410953e-19
3.580846362583673e-19
3.5750224321310986e-19
3.569213523200082e-19
3.5634195782460575e-19
3.5576405406201662e-19
3.551876354416774e-19
3.5461269643637498e-19
3.540392315751624e-19
3.534672354396436e-19
3.5289670265972654e-19
3.5232762791149863e-19
3.5176000591585706e-19
3.511938314377177e-19
3.506290992851498e-19
3.5006580430868484e-19
3.4950394140211727e-19
3.4894350550153894e-19
3.4838449158654954e-19
3.4782689467988033e-19
3.4727070984791054e-19
3.4671593220254116e-19
3.4616255689940537e-19
3.456105791407385e-19
3.450599941753275e-19
3.445099446742466e-19
3.4395706294081303e-19
3.434055698882727e-19
3.4285546099050447e-19
3.423067316943778e-19
3.417593775257453e-19
3.412133940641578e-19
3.4066877694575113e-19
3.401255218671347e-19
3.3958362458645393e-19
3.390430809234906e-19
3.38503886762496e-19
3.3796603805197976e-19
3.3742953080636253e-19
3.368943611067386e-19
3.3636052510352266e-19
3.3582801901773273e-19
3.3529683914234223e-19
3.347669818450874e-19
3.3423844356980196e-19
3.337112208383588e-19
3.3318531025235543e-19
3.326607084948623e-19
3.3213741233208516e-19
3.3161541861438673e-19
3.310947242769037e-19
3.305753263415739e-19
3.300572219162343e-19
3.295404081952872e-19
3.2902488245944593e-19
3.285106420751866e-19
3.2799768449209237e-19
3.274860072414951e-19
3.269756079344555e-19
3.2646648425686415e-19
3.259586339654122e-19
3.2545205488290857e-19
3.249467448910797e-19
3.2444270192388807e-19
3.2393992395916093e-19
3.2343840900902e-19
3.2293815510985307e-19
3.2243916031072777e-19
3.2194142266177707e-19
3.2144494020052004e-19
3.2094971093890333e-19
3.204557328488838e-19
3.199630038480337e-19
3.1947152178562747e-19
3.189812844279352e-19
3.1849228944440035e-19
3.180045343947651e-19
3.1751801671722827e-19
3.170327337173017e-19
3.1654868255818907e-19
3.1606586025375126e-19
3.1558426366201866e-19
3.1510388948187065e-19
3.146247342503366e-19
3.141467943436201e-19
3.136700659781201e-19
3.1319454521603557e-19
3.1272022796957155e-19
3.12247110008978e-19
3.11775186971168e-19
3.113044543699053e-19
3.108349076059022e-19
3.103665419789742e-19
3.0989935269911045e-19
3.0943333489940277e-19
3.089684836471142e-19
3.085047939563246e-19
3.0804226079899677e-19
3.07580879115448e-19
3.0712064382556676e-19
3.066615498382318e-19
3.062035920593433e-19
3.0574676540102504e-19
3.052910647886268e-19
3.0483648516678604e-19
3.0438302150602577e-19
3.0393066880678146e-19
3.034794221048009e-19
3.0302927647378917e-19
3.025802270291604e-19
3.021322689301816e-19
3.0168539738189326e-19
3.0123960763740976e-19
3.007948949972017e-19
3.003512548119791e-19
2.999086824816866e-19
2.9946717345616354e-19
2.990267232347128e-19
2.985873273662298e-19
2.9814898144857287e-19
2.9771168112730503e-19
2.972754220962278e-19
2.9684020009530504e-19
2.9640601091062133e-19
2.9597285037266142e-19
2.955407143558587e-19
2.951095987776386e-19
2.9467949959647256e-19
2.942504128120592e-19
2.9382233446316374e-19
2.933952606273568e-19
2.929691874192845e-19
2.9254411099019015e-19
2.921200275267474e-19
2.916969332499843e-19
2.9127482441406347e-19
2.9085369730577626e-19
2.9043354824366893e-19
2.9001437357693875e-19
2.8959616968434294e-19
2.8917893297434105e-19
2.8876265988263276e-19
2.8834734687352156e-19
2.879329904371981e-19
2.8751958709059626e-19
2.871071333757266e-19
2.866956258593532e-19
2.862850611325924e-19
2.8587543581005595e-19
2.8546674652941723e-19
2.850589899504982e-19
2.8465216275583076e-19
2.8424626164848537e-19
2.83841283353273e-19
2.83437224615376e-19
2.8303408219992707e-19
2.826318528918394e-19
2.822305334953282e-19
2.818301208337097e-19
2.814306117484189e-19
2.8103200309984695e-19
2.806342917655301e-19
2.802374746411042e-19
2.7984154863888977e-19
2.7944651068928136e-19
2.7905235773802e-19
2.7865908674836484e-19
2.7826669469884084e-19
2.778751785847758e-19
2.7748453541646667e-19
2.7709476221996817e-19
2.7670585603684614e-19
2.7631781392311287e-19
2.759306329497564e-19
2.7554431020294103e-19
2.751588427824371e-19
2.747742278029463e-19
2.743904623927919e-19
2.7400754369441143e-19
2.7362546886393563e-19
2.732442350711849e-19
2.7286383949919045e-19
2.72484279344533e-19
2.72105551816592e-19
2.717276541381816e-19
2.713505835449062e-19
2.7097433728470354e-19
2.705989126183298e-19
2.702243068193047e-19
2.698505171733309e-19
2.6947754097842227e-19
2.6910537554463007e-19
2.687340181939511e-19
2.6836346626060586e-19
2.6799371709082986e-19
2.676247680418805e-19
2.672566164833219e-19
2.668892597959081e-19
2.665226953721075e-19
2.6615692061534166e-19
2.657919329407802e-19
2.6542772977459644e-19
2.6506430855392707e-19
2.647016667270412e-19
2.643398017535345e-19
2.639787111030662e-19
2.636183922567314e-19
2.632588427061414e-19
2.6290005995360055e-19
2.6254204151197975e-19
2.621847849043575e-19
2.618282876649055e-19
2.614725473374576e-19
2.6111756147681447e-19
2.607633276472109e-19
2.604098434240899e-19
2.60057106391897e-19
2.5970511414581735e-19
2.5935386429115397e-19
2.590033544424666e-19
2.586535822248642e-19
2.583045452728699e-19
2.5795624123097333e-19
2.576086677531421e-19
2.572618225030356e-19
2.569157031542852e-19
2.56570307389774e-19
2.562256329015771e-19
2.558816773917082e-19
2.555384385714615e-19
2.551959141611318e-19
2.5485410189092413e-19
2.545129994995001e-19
2.541726047351178e-19
2.538329153556306e-19
2.534939291271583e-19
2.5315564382530425e-19
2.5281805723474053e-19
2.5248116714891123e-19
2.521449713702762e-19
2.518094677102007e-19
2.514746539884077e-19
2.511405280344383e-19
2.508070876857534e-19
2.5047433078853365e-19
2.501422551977766e-19
2.49810858777404e-19
2.4948013939934386e-19
2.491500949444994e-19
2.4882072330217344e-19
2.4849202236995563e-19
2.4816399005418014e-19
2.4783662426899256e-19
2.475099229377267e-19
2.4718388399118613e-19
2.468585053689442e-19
2.4653378501861217e-19
2.4620972089637946e-19
2.458863109657816e-19
2.4556355319942385e-19
2.452414455771225e-19
2.4491998608761615e-19
2.4459917272687163e-19
2.442790034995851e-19
2.439594764175323e-19
2.4364058950146674e-19
2.4332234077882537e-19
2.4300472828605587e-19
2.4268775006669724e-19
2.4237140417231275e-19
2.420556886623129e-19
2.417406016036497e-19
2.4142614107092476e-19
2.411123051466562e-19
2.40799091921065e-19
2.404864994914526e-19
2.401745259631529e-19
2.3986316944912914e-19
2.395524280693928e-19
2.392422999519882e-19
2.3893278323184534e-19
2.3862387605182485e-19
2.3831557656215825e-19
2.3800788292031233e-19
2.377007932907702e-19
2.373943058459042e-19
2.370884187653744e-19
2.3678313023566917e-19
2.3647843845085856e-19
2.361743416124389e-19
2.3587083792848993e-19
2.3556792561498903e-19
2.3526560289464606e-19
2.3496386799730155e-19
2.346627191600948e-19
2.3436215462724433e-19
2.340621726500339e-19
2.3376277148681798e-19
2.334639494029423e-19
2.331657046708005e-19
2.328680355697789e-19
2.32570940386386e-19
2.322744174143794e-19
2.319784649534513e-19
2.3168308131172486e-19
2.313882648030352e-19
2.310940137488036e-19
2.3080032647731634e-19
2.3050720132384655e-19
2.302146366307125e-19
2.299226307467955e-19
2.2963118202845903e-19
2.293402888387373e-19
2.2904994954795197e-19
2.2876016253343786e-19
2.2847092617981877e-19
2.2818223887853204e-19
2.2789409902867536e-19
2.276065050365943e-19
2.273194553163698e-19
2.2703294828981127e-19
2.267469823866264e-19
2.264615560451726e-19
2.2617666771205986e-19
2.2589231584370855e-19
2.2560849890667727e-19
2.253252153781834e-19
2.250424637482734e-19
2.2476024252174605e-19
2.244785502204714e-19
2.2419738538788277e-19
2.239167465952352e-19
2.236366324512751e-19
2.23357041617524e-19
2.230779728338527e-19
2.227994249638838e-19
2.2252139707784532e-19
2.2224388862023773e-19
2.2196689977662954e-19
2.2169043239168315e-19
2.2141449271078203e-19
2.211391020353481e-19
2.208643568250426e-19
2.205906895519633e-19
2.2031852461994023e-19
2.2004765320571988e-19
2.1977749462622056e-19
2.1950790195330245e-19
2.192388451697802e-19
2.1897031392931923e-19
2.187023031360846e-19
2.1843480958308355e-19
2.181678308839102e-19
2.179013650580131e-19
2.176354103462705e-19
2.173699651204351e-19
2.171050278348014e-19
2.1684059699787944e-19
2.165766711580141e-19
2.1631324889114113e-19
2.1605032879598827e-19
2.1578790948864815e-19
2.1552598960013338e-19
2.152645677744021e-19
2.1500364266691666e-19
2.1474321294322908e-19
2.1448327727877424e-19
2.1422383435782302e-19
2.139648828735849e-19
2.1370642152767754e-19
2.134484490297283e-19
2.1319096409762774e-19
2.1293396545696584e-19
2.1267745184125306e-19
2.1242142199208098e-19
2.1216587465852806e-19
2.1191080859746182e-19
2.1165622257411628e-19
2.114021153609098e-19
2.1114848573848603e-19
2.1089533249524727e-19
2.1064265442789314e-19
2.1039045034085446e-19
2.101387190472165e-19
2.098874593675276e-19
2.0963667013111927e-19
2.0938635017605715e-19
2.0913649834823262e-19
2.0888711350243012e-19
2.0863819450223074e-19
2.0838974021981823e-19
2.0814174953656794e-19
2.0789422134254218e-19
2.0764715453731588e-19
2.0740054802975278e-19
2.0715440073782307e-19
2.0690871158943511e-19
2.0666347952174141e-19
2.064187034824619e-19
2.06174382428497e-19
2.05930515327093e-19
2.056871011561914e-19
2.0544413890362674e-19
2.0520162756789584e-19
2.049595661584049e-19
2.0471795369500069e-19
2.0447678920896936e-19
2.0423607174231727e-19
2.0399580034853436e-19
2.0375597409249974e-19
2.0351659205049338e-19
2.032776533105066e-19
2.030391569722166e-19
2.0280110214727516e-19
2.0256348795944251e-19
2.023263135440118e-19
2.0208957804892148e-19
2.0185328063413214e-19
2.016174204717018e-19
2.0138199674615698e-19
2.0114700865407913e-19
2.0091245540443851e-19
2.006783362183465e-19
2.0044465032908574e-19
2.0021139698199564e-19
1.9997857543435603e-19
1.9974618495486643e-19
1.99514224824351e-19
1.9928269433458457e-19
1.9905159278830448e-19
1.988209194994078e-19
1.9859067379166052e-19
1.9836085499897963e-19
1.9813146246494538e-19
1.9790249554182663e-19
1.9767395359056099e-19
1.9744583597951734e-19
1.9721814208455985e-19
1.9699087128763283e-19
1.9676402297668776e-19
1.9653759654412914e-19
1.963115913862504e-19
1.9608600690250187e-19
1.9586084249403325e-19
1.9563609756322782e-19
1.9541177151218116e-19
1.9518786374167359e-19
1.9496437365041331e-19
1.9474130063321821e-19
1.9451864408041617e-19
1.9429640337637932e-19
1.9407457789822508e-19
1.9385316701528152e-19
1.936321700867447e-19
1.9341158646188504e-19
1.9319141547769042e-19
1.9297165645871035e-19
1.9275230871559773e-19
1.9253337154437039e-19
1.923148442251064e-19
1.920967260213042e-19
1.9187901617992058e-19
1.9166171392941085e-19
1.9144481847990203e-19
1.912283290229769e-19
1.910122447306514e-19
1.9079656475600164e-19
1.9058128823164592e-19
1.9036641427161577e-19
1.901519419698238e-19
1.8993787040103396e-19
1.8972419862101004e-19
1.8951092566674335e-19
1.892980505571156e-19
1.8908557229350817e-19
1.8887348986007738e-19
1.8866180222503224e-19
1.8845050834090794e-19
1.8823960714535926e-19
1.8802909756264553e-19
1.878189785038285e-19
1.8760924886797302e-19
1.8739990754360533e-19
1.8719095340861453e-19
1.869823853322355e-19
1.8677420217557676e-19
1.865664027923573e-19
1.8635898603066169e-19
1.8615195073282163e-19
1.8594529573707493e-19
1.8573901987853766e-19
1.8553312198932776e-19
1.8532760090005206e-19
1.8512245544035016e-19
1.849176844396093e-19
1.8471328672764514e-19
1.8450926113545598e-19
1.8430560649612857e-19
1.8410232164470576e-19
1.8389940541923198e-19
1.8369685666096963e-19
1.8349467421552623e-19
1.8329285693234208e-19
1.8309140366578642e-19
1.8289031327496688e-19
1.8268958462456526e-19
1.8248921658460128e-19
1.8228920803097215e-19
1.82089557845846e-19
1.8189026491749936e-19
1.8169132814031984e-19
1.8149274641570174e-19
1.812945186512938e-19
1.810966437617211e-19
1.808991206684279e-19
1.8070194829926257e-19
1.8050512558976404e-19
1.8030865148179107e-19
1.8011252492413083e-19
1.7991674487297983e-19
1.797213102908348e-19
1.7952622014751813e-19
1.7933147341945093e-19
1.7913706909003219e-19
1.7894300614919085e-19
1.7874928359368461e-19
1.7855590042703684e-19
1.7836285565902285e-19
1.781701483061181e-19
1.7797656733978447e-19
1.7778269149736836e-19
1.7758915326407526e-19
1.773959516750996e-19
1.772030857662891e-19
1.770105545828052e-19
1.7681835717559538e-19
1.766264926013984e-19
1.764349599236686e-19
1.7624375821214221e-19
1.7605288654303951e-19
1.758623439981576e-19
1.7567212966550683e-19
1.7548224263826803e-19
1.7529268201496279e-19
1.7510344689948879e-19
1.7491453640016178e-19
1.7472594963057618e-19
1.7453768570908057e-19
1.7434974375854921e-19
1.741621229066e-19
1.7397482228553037e-19
1.7378784103209343e-19
1.73601178287459e-19
1.7341483319741598e-19
1.7322880491213101e-19
1.7304309258586172e-19
1.7285769537747264e-19
1.726726124495419e-19
1.72487842969225e-19
1.723033861076358e-19
1.7211924103982714e-19
1.7193540694472822e-19
1.7175188300544296e-19
1.715686684084578e-19
1.713857623446813e-19
1.7120316400803047e-19
1.710208725968006e-19
1.7083888731231703e-19
1.7065720735987683e-19
1.7047583194824322e-19
1.7029476028941252e-19
1.7011399159917384e-19
1.6993352509647066e-19
1.6975336000375105e-19
1.6957349554660147e-19
1.69393930954084e-19
1.6921466545826793e-19
1.6903569829444157e-19
1.6885702870130923e-19
1.686786559204134e-19
1.685005791966212e-19
1.683227977773219e-19
1.681453109135142e-19
1.6796811785907174e-19
1.677912178704241e-19
1.6761461020743186e-19
1.6743829413250136e-19
1.6726226891077397e-19
1.6708653381071028e-19
1.6691108810308722e-19
1.6673593106172138e-19
1.665610619630819e-19
1.6638648008642908e-19
1.662121847135354e-19
1.6603817512897268e-19
1.6586445062008025e-19
1.6569101047654101e-19
1.655178539907251e-19
1.653449804579095e-19
1.6517238917523762e-19
1.650000794429279e-19
1.6482805056364641e-19
1.6465630184241745e-19
1.6448483258672962e-19
1.6431364210662544e-19
1.641427297143911e-19
1.6397209472481703e-19
1.638017364553674e-19
1.6363165422545473e-19
1.634618473570021e-19
1.6329231517429976e-19
1.6312305700386045e-19
1.6295407217482584e-19
1.6278536001824075e-19
1.6261691986762055e-19
1.6244875105851833e-19
1.6228085292917223e-19
1.6211322481970743e-19
1.6194586607250047e-19
1.617787760320683e-19
1.6161195404516858e-19
1.6144539946112886e-19
1.6127911163070727e-19
1.611130899073827e-19
1.6094733364649575e-19
1.607818422055779e-19
1.606166149441814e-19
1.604516512241027e-19
1.602869504092696e-19
1.6012251186530925e-19
1.5995833496034726e-19
1.5979441906416123e-19
1.5963076354911992e-19
1.5946736778895452e-19
1.5930423115981937e-19
1.5914135303972898e-19
1.5897873280876548e-19
1.588163698491204e-19
1.5865426354449606e-19
1.5849241328112992e-19
1.583308184467405e-19
1.5816947843132513e-19
1.5800839262650405e-19
1.5784756042617727e-19
1.576869812259092e-19
1.5752665442320211e-19
1.5736657941745041e-19
1.5720675561001105e-19
1.5704718240408955e-19
1.5688785920461862e-19
1.5672878541867282e-19
1.5656996045482954e-19
1.5641138372399448e-19
1.562530546383099e-19
1.5609497261221304e-19
1.559371370614889e-19
1.5577954740433413e-19
1.5562220306037158e-19
1.554651034510297e-19
1.5530824799972802e-19
1.5515163613130158e-19
1.5499526727274144e-19
1.5483914085252885e-19
1.5468325630111149e-19
1.5452761305037405e-19
1.5437221053422327e-19
1.5421704818840078e-19
1.5406212544993521e-19
1.5390744175808677e-19
1.5375299655334136e-19
1.5359878927831285e-19
1.5344481937704013e-19
1.5329108629542651e-19
1.5313758948080363e-19
1.5298432838244695e-19
1.5283130245131703e-19
1.5267851113984967e-19
1.5252595390223183e-19
1.5237363019443434e-19
1.5222153947375325e-19
1.520696811994862e-19
1.5191805483214432e-19
1.5176665983449561e-19
1.5161549567033978e-19
1.5146456180531836e-19
1.5131385770676542e-19
1.5116338284338326e-19
1.5101313668588611e-19
1.5086311870606082e-19
1.507133283777986e-19
1.5056376517606519e-19
1.5041442857777982e-19
1.502653180614795e-19
1.5011643310683753e-19
1.4996777319548254e-19
1.4981933781041978e-19
1.4967112643642098e-19
1.4952313855952485e-19
1.4937537366727365e-19
1.4922783124915923e-19
1.4908051079590876e-19
1.489334117996392e-19
1.48786533754226e-19
1.4863987615501698e-19
1.4849343849902115e-19
1.483472202841627e-19
1.4820122101060962e-19
1.4805544017941994e-19
1.479098772937586e-19
1.477645318576677e-19
1.4761940337705202e-19
1.474744913591333e-19
1.4732979531257452e-19
1.4718531474767823e-19
1.4704104917616107e-19
1.468969981108948e-19
1.4675316106681717e-19
1.4660953755964853e-19
1.4646612710696529e-19
1.4632292922764213e-19
1.461799434421057e-19
1.4603716927208569e-19
1.4589460624074504e-19
1.4575225387276582e-19
1.4561011169422794e-19
1.4546817923237486e-19
1.4532645601645046e-19
1.4518494157648198e-19
1.4504363544425083e-19
1.449025371527612e-19
1.4476164623650867e-19
1.4462096223143372e-19
1.4448048467464571e-19
1.443402131051288e-19
1.442001470624285e-19
1.440602860883641e-19
1.4392062972545209e-19
1.4378117751795505e-19
1.436419290113453e-19
1.4350288375243513e-19
1.4336404128946826e-19
1.4322540117227637e-19
1.430869629515501e-19
1.4294872617951346e-19
1.42810690409886e-19
1.4267285519767026e-19
1.4253522009920587e-19
1.4239778467200184e-19
1.4226054847540597e-19
1.421235110692128e-19
1.419866720153559e-19
1.4185003087685127e-19
1.4171358721771637e-19
1.4157734060390883e-19
1.4144129060215174e-19
1.4130543678073136e-19
1.4116977870905152e-19
1.4103431595806628e-19
1.4089904809993255e-19
1.4076397470824022e-19
1.4062909535748725e-19
1.4049440962392093e-19
1.403599170849728e-19
1.4022561731902624e-19
1.4009150990630461e-19
1.3995759442789787e-19
1.3982387046633625e-19
1.3969033760557292e-19
1.395569954305776e-19
1.3942384352786583e-19
1.3929088148506341e-19
1.3915810889120186e-19
1.3902552533645772e-19
1.3889313041237436e-19
1.3876092371203169e-19
1.386289048293608e-19
1.3849707335971774e-19
1.3836542889999416e-19
1.3823397104824426e-19
1.3810269940362985e-19
1.3797161356689996e-19
1.378407131399092e-19
1.377099977259499e-19
1.3757946692981045e-19
1.374491203572414e-19
1.3731895761561189e-19
1.3718897831381327e-19
1.3705918206153094e-19
1.3692956847066424e-19
1.3680013715403183e-19
1.366708877261623e-19
1.3654181980323077e-19
1.3641293300293865e-19
1.3628422694451799e-19
1.3615570124940226e-19
1.3602735554052124e-19
1.3589918944371393e-19
1.3577120258635334e-19
1.3564339459904192e-19
1.3551576511550523e-19
1.3538831377287237e-19
1.35261040213487e-19
1.35133944085246e-19
1.3500702504354813e-19
1.3488028275436639e-19
1.3475371689829078e-19
1.3462732717726784e-19
1.3450111332583535e-19
1.3437507513169264e-19
1.3424921247299596e-19
1.3412352539585026e-19
1.3399801428492964e-19
1.3387268030440546e-19
1.3374752675700202e-19
1.336225646679634e-19
1.3349784709508397e-19
1.3337360938417877e-19
1.3325006302405005e-19
1.3312699340578932e-19
1.330041557896083e-19
1.3288150916170237e-19
1.327590445377894e-19
1.3263675866176844e-19
1.3251464992775782e-19
1.3239271735267127e-19
1.322709602325983e-19
1.3214937800451306e-19
1.3202797018312523e-19
1.3190673632954027e-19
1.317856760333083e-19
1.3166478890331173e-19
1.3154407456164968e-19
1.314235326397974e-19
1.3130316277624726e-19
1.3118296461515632e-19
1.3106293780467948e-19
1.3094308199701308e-19
1.3082339684708707e-19
1.3070388201239629e-19
1.3058453715306086e-19
1.304653619311469e-19
1.303463560108364e-19
1.3022751905783109e-19
1.3010885073990938e-19
1.2999035072634075e-19
1.2987201868804356e-19
1.2975385429745883e-19
1.2963585722849237e-19
1.29518027156795e-19
1.2940036375921213e-19
1.2928286671410173e-19
1.291655357015486e-19
1.2904837040259968e-19
1.289313705000355e-19
1.288145356781545e-19
1.2869786562238885e-19
1.2858136001973922e-19
1.28465018558713e-19
1.2834884092914184e-19
1.282328268223408e-19
1.281169759310539e-19
1.2800128794941815e-19
1.278857625729336e-19
1.2777039949882915e-19
1.2765519842561298e-19
1.2754015905319333e-19
1.2742528108313209e-19
1.2731056421828945e-19
1.2719600816312488e-19
1.2708161262375782e-19
1.2696737730741532e-19
1.268533019231212e-19
1.2673938618132329e-19
1.266256297942705e-19
1.26512032475425e-19
1.263985939398515e-19
1.2628531390436772e-19
1.2617219208728755e-19
1.2605922820838609e-19
1.2594642198921646e-19
1.2583377315288827e-19
1.2572128142409147e-19
1.256089465293072e-19
1.2549676819647e-19
1.2538474615501576e-19
1.2527288013672744e-19
1.2516116987439167e-19
1.2504961510255747e-19
1.2493821555798218e-19
1.248269709785435e-19
1.2471588110427617e-19
1.2460494567654193e-19
1.2449416443894238e-19
1.2438353713640038e-19
1.242730635157201e-19
1.2416274332586472e-19
1.240525763168728e-19
1.239425622411775e-19
1.238327008527992e-19
1.2372299190742917e-19
1.2361343516286506e-19
1.2350403037846587e-19
1.2339477731561117e-19
1.232856757374062e-19
1.2317672540887625e-19
1.2306792609672906e-19
1.229592775696957e-19
1.2285077959820138e-19
1.2274243195463545e-19
1.226342344132812e-19
1.2252618675005364e-19
1.224182887429107e-19
1.2231054017151037e-19
1.2220294081730448e-19
1.220954904638561e-19
1.2198818889611761e-19
1.2188103590100246e-19
1.2177403126749793e-19
1.2166717478594399e-19
1.2156046624853768e-19
1.2145390544942552e-19
1.2134749218412723e-19
1.2124122625008791e-19
1.2113510744640977e-19
1.210291355736346e-19
1.2092331043406742e-19
1.2081763183153629e-19
1.2071209957133278e-19
1.2060671346032012e-19
1.205014733067336e-19
1.2039637892031966e-19
1.2029143011194998e-19
1.2018662669407456e-19
1.2008196848015933e-19
1.199774552849362e-19
1.1987308692435942e-19
1.1976886321507521e-19
1.1966478397524567e-19
1.1956084902368814e-19
1.194570581798989e-19
1.1935341126452633e-19
1.1924990809868812e-19
1.1914654850411716e-19
1.190433323030471e-19
1.1894025931827901e-19
1.1883732937287255e-19
1.187345422902623e-19
1.1863189789389364e-19
1.185293960073978e-19
1.1842703645434602e-19
1.1832481905815801e-19
1.1822274364205932e-19
1.1812081002890142e-19
1.1801901804132092e-19
1.1791736750103379e-19
1.1781585822945884e-19
1.1771449004727467e-19
1.1761326277410328e-19
1.1751217622864893e-19
1.174112302286407e-19
1.1731042459091204e-19
1.172097591306137e-19
1.1710923366180128e-19
1.170088479971247e-19
1.169086019475681e-19
1.1680849532268032e-19
1.1670852793018228e-19
1.1660869957607224e-19
1.1650901006446534e-19
1.164094591975983e-19
1.1631004677563356e-19
1.162107725967459e-19
1.1611163645699024e-19
1.1601263815034687e-19
1.1591377746834551e-19
1.1581505420034772e-19
1.157164681336023e-19
1.1561801905278066e-19
1.1551970674035751e-19
1.154215309763482e-19
1.1532349153847586e-19
1.1522558820201821e-19
1.1512782073984804e-19
1.1503018892257052e-19
1.1493269251822734e-19
1.1483533129265568e-19
1.1473810500940837e-19
1.1464101342952962e-19
1.145440563119754e-19
1.1444723341342254e-19
1.1435054448819956e-19
1.1425398928873166e-19
1.1415756756545174e-19
1.1406127906634496e-19
1.139651235378285e-19
1.1386910072403923e-19
1.1377321036780715e-19
1.1367745220949618e-19
1.1358182598844415e-19
1.1348633144193965e-19
1.1339096830586119e-19
1.1329573631476637e-19
1.132006352015279e-19
1.1310566469804825e-19
1.1301082453464163e-19
1.1291611444080842e-19
1.1282153414489337e-19
1.127270833740914e-19
1.126327618550259e-19
1.1253856931328044e-19
1.1244450547370166e-19
1.1235057006074458e-19
1.1225676279793017e-19
1.1216308340848803e-19
1.1206953161539136e-19
1.1197610714096366e-19
1.118828097074768e-19
1.117896390369536e-19
1.116965948512794e-19
1.1160367687228543e-19
1.1151088482189203e-19
1.1141821842198823e-19
1.1132567739454607e-19
1.1123326146203092e-19
1.1114097034691342e-19
1.1104880377181425e-19
1.1095676146035661e-19
1.1086484313574746e-19
1.107730485221899e-19
1.1068137734427285e-19
1.1058982932719356e-19
1.1049840419638306e-19
1.10407101678483e-19
1.1031592150027502e-19
1.102248633894322e-19
1.1013392707466673e-19
1.1004311228476835e-19
1.0995241874996206e-19
1.0986184620091214e-19
1.0977139436919507e-19
1.0968106298733766e-19
1.0959085178878972e-19
1.095007605076435e-19
1.0941078887921275e-19
1.0932093663949872e-19
1.092312035256753e-19
1.09141589275676e-19
1.090520936284083e-19
1.0896271632407614e-19
1.0887345710340688e-19
1.0878431570860736e-19
1.0869529188250065e-19
1.086063853690693e-19
1.0851759591338793e-19
1.084289232615541e-19
1.0834036716046798e-19
1.0825192735821606e-19
1.0816360360402524e-19
1.0807539564801302e-19
1.079873032412022e-19
1.0789932613599472e-19
1.0781146408531112e-19
1.0772371684379378e-19
1.0763608416636775e-19
1.075485658093642e-19
1.0746116153017261e-19
1.0737387108705356e-19
1.0728669423921713e-19
1.0719963074717709e-19
1.0711268037190718e-19
1.0702584287598351e-19
1.069391180224987e-19
1.068525055757854e-19
1.0676600530091613e-19
1.0667961696422942e-19
1.0659334033270389e-19
1.0650717517460589e-19
1.0642112125881485e-19
1.0633517835530105e-19
1.0624934623504576e-19
1.0616362466967549e-19
1.0607801343212188e-19
1.059925122958473e-19
1.0590712103543212e-19
1.0582183942634935e-19
1.0573666724472697e-19
1.0565160426794872e-19
1.0556665027392217e-19
1.054818050416524e-19
1.0539706835064076e-19
1.0531243998180702e-19
1.0522791971626571e-19
1.0514350733654202e-19
1.0505920262561732e-19
1.0497500536728143e-19
1.0489091534638258e-19
1.0480693234841294e-19
1.0472305615954831e-19
1.0463928656696406e-19
1.0455562335847172e-19
1.0447206632265472e-19
1.0438861524894859e-19
1.0430526992741181e-19
1.0422203014898142e-19
1.0413889570535542e-19
1.0405586638866766e-19
1.0397294199226742e-19
1.0389012230977175e-19
1.0380740713583626e-19
1.0372479626553001e-19
1.0364228949495236e-19
1.0355988662051555e-19
1.0347758743976094e-19
1.0339539175060597e-19
1.0331329935160113e-19
1.0323131004230292e-19
1.0314942362242928e-19
1.030676398929148e-19
1.0298595865495855e-19
1.0290437971047652e-19
1.0282290286209669e-19
1.0274152791324689e-19
1.026602546675402e-19
1.0257908292962753e-19
1.0249801250455379e-19
1.0241704319797909e-19
1.023361748163937e-19
1.022554071667349e-19
1.0217474005650415e-19
1.0209417329386661e-19
1.0201370668740095e-19
1.0193334004667029e-19
1.0185307318136214e-19
1.0177290590203131e-19
1.0169283801980033e-19
1.0161286934627563e-19
1.0153299969348365e-19
1.0145322887432912e-19
1.0137355670197757e-19
1.0129398299041946e-19
1.0121450755394311e-19
1.0113513020742018e-19
1.0105585076647967e-19
1.0097666904699835e-19
1.0089758486562852e-19
1.008185980393121e-19
1.0073970838580344e-19
1.0066091572299686e-19
1.0058221986971819e-19
1.0050362064499506e-19
1.0042511786850151e-19
1.0034671136050524e-19
1.0026840094147896e-19
1.001901864326837e-19
1.0011206765576885e-19
1.0003404443284444e-19
9.995611658668943e-20
9.987828394034344e-20
9.980054631735013e-20
9.972290354185017e-20
9.96453554385302e-20
9.956790183224304e-20
9.949054254859077e-20
9.941327741362329e-20
9.93361062537758e-20
9.925902889593319e-20
9.918204516748785e-20
9.910515489630171e-20
9.902835791064902e-20
9.895165403935872e-20
9.887504311152493e-20
9.879852495681901e-20
9.872209940545496e-20
9.864576628789092e-20
9.856952543499281e-20
9.849337667847942e-20
9.841731985002459e-20
9.834135478193381e-20
9.826548130696358e-20
9.818969925817965e-20
9.81140084693532e-20
9.803840877441655e-20
9.796290000777738e-20
9.788748200432854e-20
9.781215459931865e-20
9.773691762840236e-20
9.766177092787254e-20
9.758671433410967e-20
9.751174768408641e-20
9.743687081510728e-20
9.736208356502228e-20
9.728738577200729e-20
9.721277727451014e-20
9.713825791151078e-20
9.706382752256885e-20
9.698948594723869e-20
9.69152330257684e-20
9.684106859873997e-20
9.676699250708531e-20
9.669300459216399e-20
9.661910469569686e-20
9.654529265981728e-20
9.647156832703625e-20
9.639793154034586e-20
9.632438214282655e-20
9.625091997837395e-20
9.61775448908834e-20
9.610425672481912e-20
9.603105532493736e-20
9.595794053653883e-20
9.588491220509123e-20
9.581197017642068e-20
9.573911429702672e-20
9.566634441348993e-20
9.559366037283105e-20
9.55210620225153e-20
9.544854921020314e-20
9.537612178410043e-20
9.530377959277141e-20
9.523152248488268e-20
9.515935030981468e-20
9.50872629171407e-20
9.501526015665497e-20
9.49433418787841e-20
9.487150793429997e-20
9.479975817382189e-20
9.472809244907256e-20
9.465651061165937e-20
9.45850125135613e-20
9.451359800720891e-20
9.444226694537316e-20
9.437101918125718e-20
9.429985456818259e-20
9.422877295991047e-20
9.415777421066421e-20
9.408685817496915e-20
9.401602470739955e-20
9.394527366344911e-20
9.387460489836002e-20
9.380401826809902e-20
9.373351362872314e-20
9.3663090836815e-20
9.359274974920449e-20
9.352249022310052e-20
9.345231211586347e-20
9.338221528554889e-20
9.331219959020264e-20
9.324226488823154e-20
9.317241103859199e-20
9.310263790045165e-20
9.303294533313667e-20
9.296333319665309e-20
9.289380135083001e-20
9.28243496563935e-20
9.27549779739954e-20
9.268568616479602e-20
9.261647409012225e-20
9.254734161164964e-20
9.247828859163573e-20
9.240931489224205e-20
9.234042037624233e-20
9.227160490662201e-20
9.220286834669381e-20
9.213421056006249e-20
9.206563141061527e-20
9.199713076275425e-20
9.192870848084683e-20
9.186036442995932e-20
9.179209847510003e-20
9.172391048186963e-20
9.165580031605258e-20
9.158776784368423e-20
9.15198129311072e-20
9.1451935445281e-20
9.13841352529644e-20
9.131641222168385e-20
9.1248766218844e-20
9.118119711248814e-20
9.111370477090059e-20
9.104628906238856e-20
9.097894985600893e-20
9.091168702080541e-20
9.084450042618424e-20
9.077738994180369e-20
9.071035543775791e-20
9.064339678422252e-20
9.057651385194915e-20
9.050970651177665e-20
9.044297463490263e-20
9.037631809289208e-20
9.030973675730838e-20
9.024323050028052e-20
9.017679919419912e-20
9.011044271160995e-20
9.004416092572897e-20
8.997795370940491e-20
8.991182093648201e-20
8.984576248045556e-20
8.97797782154853e-20
8.971386801589945e-20
8.964803175656375e-20
8.958226931214896e-20
8.951658055806174e-20
8.945096536955788e-20
8.938542362259453e-20
8.931995519321803e-20
8.925455995766201e-20
8.918923779261331e-20
8.912398857500904e-20
8.905881218190059e-20
8.899370849079061e-20
8.89286773794262e-20
8.886371872575574e-20
8.879883240815449e-20
8.873401830507721e-20
8.866892255397643e-20
8.860362474201752e-20
8.853839963151693e-20
8.847324710344182e-20
8.840816703333926e-20
8.83431592998522e-20
8.82782237814927e-20
8.821336035675884e-20
8.814856890480177e-20
8.808384930509893e-20
8.801920143812073e-20
8.795462518426338e-20
8.789012042467847e-20
8.78256870408533e-20
8.776132491450424e-20
8.7697033927854e-20
8.763281396315512e-20
8.75686649029563e-20
8.750458663022193e-20
8.744057902779748e-20
8.737664197905622e-20
8.731277536748123e-20
8.724897907647635e-20
8.718525299043634e-20
8.712159699308279e-20
8.705801096913162e-20
8.699449480310923e-20
8.693104838000687e-20
8.686767158490018e-20
8.680436430332442e-20
8.674112642096456e-20
8.667795782375951e-20
8.661485839793142e-20
8.655182802983945e-20
8.648886660630758e-20
8.642597401440977e-20
8.6363150141243e-20
8.630039487440225e-20
8.623770810162244e-20
8.617508971088021e-20
8.611253959057716e-20
8.605005762903837e-20
8.598764371525636e-20
8.59252977381675e-20
8.586301958707738e-20
8.580080915147501e-20
8.573866632123904e-20
8.567659098646455e-20
8.561458303731041e-20
8.555264236445894e-20
8.549076885866638e-20
8.542896241107842e-20
8.536722291284728e-20
8.530555025567405e-20
8.524394433123424e-20
8.51824050317208e-20
8.51209322493908e-20
8.505952587686821e-20
8.499818580679158e-20
8.493691193238196e-20
8.487570414686458e-20
8.481456234385345e-20
8.47534864170353e-20
8.469247626053575e-20
8.463153176863813e-20
8.457065283580259e-20
8.45098393570632e-20
8.444909122709831e-20
8.438840834148187e-20
8.432779059559647e-20
8.426723788509591e-20
8.420675010615218e-20
8.414632715504531e-20
8.408596892818804e-20
8.402567532237915e-20
8.396544623452301e-20
8.390528156198243e-20
8.384518120214972e-20
8.378514505271447e-20
8.372517301175633e-20
8.366526497737531e-20
8.360542084821097e-20
8.354564052267639e-20
8.348592389993904e-20
8.342627087912412e-20
8.336668135965022e-20
8.330715524124902e-20
8.324769242386169e-20
8.318829280761719e-20
8.312895629298729e-20
8.306968278060719e-20
8.301047217145252e-20
8.295132436671116e-20
8.28922392677026e-20
8.28332167761954e-20
8.277425679414779e-20
8.271535922383198e-20
8.265652396765411e-20
8.259775092822153e-20
8.253904000884336e-20
8.248039111251869e-20
8.242180414297637e-20
8.236327900402089e-20
8.230481559980087e-20
8.224641383482884e-20
8.21880736138303e-20
8.212979484206109e-20
8.207157742485339e-20
8.201342126825881e-20
8.195532627841459e-20
8.189729236218113e-20
8.183931942675484e-20
8.17814073800094e-20
8.172355613030161e-20
8.16657655870293e-20
8.160803566042793e-20
8.155036626162961e-20
8.149275730350483e-20
8.143520870045874e-20
8.137772036957817e-20
8.132029223079756e-20
8.126292420884357e-20
8.120561623487802e-20
8.114836824971001e-20
8.109118020943277e-20
8.103405209466679e-20
8.09769839294053e-20
8.091997581752176e-20
8.08630280273151e-20
8.080614120881044e-20
8.074931707315464e-20
8.069256121170156e-20
8.063590032714168e-20
8.057945349378013e-20
8.052333095646143e-20
8.046736997197524e-20
8.041148638483702e-20
8.035566832011516e-20
8.029991278759144e-20
8.024421864122824e-20
8.018858531439205e-20
8.013301247043281e-20
8.007749987930681e-20
8.00220473657195e-20
7.996665478541523e-20
7.991132201208874e-20
7.985604893095145e-20
7.980083543523497e-20
7.974568142276632e-20
7.969058679551119e-20
7.96355514578515e-20
7.958057531622486e-20
7.952565827855496e-20
7.947080025431362e-20
7.941600115338867e-20
7.936126088711038e-20
7.930657936692798e-20
7.92519565053895e-20
7.919739221535429e-20
7.914288641003488e-20
7.908843900345695e-20
7.903404990957302e-20
7.897971904300642e-20
7.892544631880356e-20
7.887123165201775e-20
7.881707495832842e-20
7.876297615352993e-20
7.870893515389348e-20
7.865495187582855e-20
7.860102623610014e-20
7.854715815179898e-20
7.849334754003966e-20
7.843959431859596e-20
7.838589840532738e-20
7.833225971825685e-20
7.827867817582144e-20
7.822515369667604e-20
7.81716861997577e-20
7.81182756041598e-20
7.806492182938768e-20
7.801162479522187e-20
7.79583844214119e-20
7.790520062840181e-20
7.785207333654028e-20
7.779900246661387e-20
7.774598793964533e-20
7.769302967688959e-20
7.76401275998338e-20
7.75872816303001e-20
7.753449169032724e-20
7.748175770219551e-20
7.74290795885386e-20
7.737645727206124e-20
7.732389067604934e-20
7.727137972373105e-20
7.721892433879385e-20
7.716652444505694e-20
7.711417996671434e-20
7.706189082816005e-20
7.700965695417112e-20
7.695747826952947e-20
7.690535469967961e-20
7.685328616994911e-20
7.680127260615028e-20
7.674931393436641e-20
7.66974100807423e-20
7.664556097209149e-20
7.659376653506697e-20
7.654202669693219e-20
7.649034138501149e-20
7.643871052692337e-20
7.638713405065142e-20
7.633561188452123e-20
7.62841439569346e-20
7.623273019672867e-20
7.618137053292839e-20
7.613006489499915e-20
7.607881321224006e-20
7.602761541498875e-20
7.597647143310032e-20
7.592538119719882e-20
7.587434463799082e-20
7.582336168657883e-20
7.57724322741437e-20
7.572155633241057e-20
7.56707337932914e-20
7.561996458898017e-20
7.556924865185024e-20
7.551858591469894e-20
7.546797631058982e-20
7.541741977291657e-20
7.536691623523554e-20
7.531646563145799e-20
7.526606789585061e-20
7.521572296293867e-20
7.516543076745528e-20
7.511519124451416e-20
7.506500432943307e-20
7.501486995799329e-20
7.496478806605643e-20
7.491475859003612e-20
7.486478146623597e-20
7.481485663165144e-20
7.476498402341158e-20
7.471516357890521e-20
7.466539523594936e-20
7.461567893242035e-20
7.456601460663474e-20
7.451640219726556e-20
7.446684164320219e-20
7.441733288352754e-20
7.436787585772213e-20
7.431847050562584e-20
7.42691167671747e-20
7.421981458273426e-20
7.41705638928694e-20
7.412136463852059e-20
7.407221676088711e-20
7.402312020138034e-20
7.3974074901789e-20
7.392508080407591e-20
7.387613785050284e-20
7.38272459837142e-20
7.3778405146471e-20
7.372961528190612e-20
7.368087633344322e-20
7.363218824471827e-20
7.358355095956e-20
7.35349644222047e-20
7.348642857700514e-20
7.343794336878794e-20
7.338950874228434e-20
7.33411246427084e-20
7.329279101562833e-20
7.324450780655935e-20
7.319627496135254e-20
7.314809242629685e-20
7.309996014761077e-20
7.305187807196918e-20
7.300384614611612e-20
7.295586431705392e-20
7.290793253211293e-20
7.286005073849315e-20
7.281221888409428e-20
7.276443691654014e-20
7.271670478388772e-20
7.266902243440489e-20
7.262138981637307e-20
7.257380687835641e-20
7.252627356901991e-20
7.247878983734775e-20
7.243135563225792e-20
7.238397090292055e-20
7.23366355986346e-20
7.228934966885248e-20
7.224211306299462e-20
7.219492573098313e-20
7.214778762240207e-20
7.21006986871213e-20
7.205365887517258e-20
7.200666813657512e-20
7.195972642146671e-20
7.191283368007129e-20
7.186598986250429e-20
7.181919491925697e-20
7.177244880057476e-20
7.172575145688833e-20
7.167910283853016e-20
7.163250289596424e-20
7.158595157964199e-20
7.153944883995267e-20
7.149299462732224e-20
7.144658889210269e-20
7.140023158478922e-20
7.135392265555024e-20
7.130766205478764e-20
7.126144973266991e-20
7.121528563933697e-20
7.116916972484025e-20
7.112310193930395e-20
7.107708223247141e-20
7.103111055432528e-20
7.09851868543896e-20
7.093931108234635e-20
7.089348318756748e-20
7.084770311942174e-20
7.080197082702323e-20
7.075628625931952e-20
7.071064936535401e-20
7.066506009358999e-20
7.061951839272779e-20
7.05740242109277e-20
7.052857749632983e-20
7.048317819683415e-20
7.043782626031233e-20
7.039252163409166e-20
7.0347264265609e-20
7.030205410180546e-20
7.025689108957635e-20
7.021177517551981e-20
7.016670630590611e-20
7.012168442693498e-20
7.007670948445804e-20
7.00317814240286e-20
6.998690019092981e-20
6.994206573040432e-20
6.989727798713411e-20
6.985253690567184e-20
6.980784243027731e-20
6.976319450498188e-20
6.9718593073523e-20
6.967403807926439e-20
6.962952946551415e-20
6.958506717496184e-20
6.954065115025283e-20
6.949628133376816e-20
6.945195766749991e-20
6.940768009326954e-20
6.936344855236912e-20
6.931926298622797e-20
6.927512333563011e-20
6.923102954133033e-20
6.918698154345553e-20
6.91429792823238e-20
6.909902269775284e-20
6.905511172921796e-20
6.901124631621877e-20
6.896742639751985e-20
6.89236519120049e-20
6.887992279833583e-20
6.883623899473905e-20
6.879260043925968e-20
6.87490070697868e-20
6.87054588237541e-20
6.866195563873821e-20
6.861849745166762e-20
6.857508419961826e-20
6.853171581928149e-20
6.848839224716263e-20
6.844511341953176e-20
6.840187927253445e-20
6.835868974227005e-20
6.831554476434175e-20
6.827244427431272e-20
6.8229388207812e-20
6.81863764999386e-20
6.814340908598192e-20
6.810048590076893e-20
6.805760687927967e-20
6.801477195609164e-20
6.797198106602846e-20
6.792923414336797e-20
6.788653112262875e-20
6.784387193790372e-20
6.780125652358284e-20
6.775868481363084e-20
6.771615674224884e-20
6.767367224313438e-20
6.763123125027059e-20
6.758883369759426e-20
6.754647951871381e-20
6.750416864754751e-20
6.746190101754539e-20
6.741967656260029e-20
6.73774952162041e-20
6.733535691197504e-20
6.729326158354257e-20
6.725120916459812e-20
6.720919958859831e-20
6.716723278923415e-20
6.71253087002007e-20
6.708342725495598e-20
6.704158838739458e-20
6.699979203095736e-20
6.695803811955221e-20
6.691632658685018e-20
6.687465736673128e-20
6.683303039316835e-20
6.679144559994992e-20
6.674990292101572e-20
6.670840229048029e-20
6.666694364259933e-20
6.662552691130647e-20
6.658415203100602e-20
6.65428189361005e-20
6.650152756111326e-20
6.646027784044349e-20
6.641906970868437e-20
6.637790310073256e-20
6.633677795125395e-20
6.629569419533007e-20
6.625465176798675e-20
6.621365060430373e-20
6.617269063959363e-20
6.613177180924786e-20
6.609089404875486e-20
6.605005729384415e-20
6.600926148028405e-20
6.596850654383602e-20
6.592779242064648e-20
6.58871190468042e-20
6.584648635861593e-20
6.580589429257583e-20
6.576534278516263e-20
6.572483177309243e-20
6.568436119328247e-20
6.564393098265362e-20
6.56035410783509e-20
6.556319141771218e-20
6.552288193820168e-20
6.548261257722536e-20
6.544238327270564e-20
6.540219396247833e-20
6.536204458457553e-20
6.532193507718856e-20
6.528186537859788e-20
6.524183542742648e-20
6.520184516236325e-20
6.516189452207517e-20
6.51219834456161e-20
6.508211187205778e-20
6.504227974082772e-20
6.50024869912877e-20
6.496273356296109e-20
6.49230193957659e-20
6.488334442950722e-20
6.484370860434766e-20
6.480411186052378e-20
6.476455413848535e-20
6.47250353786025e-20
6.468555552179864e-20
6.464611450892857e-20
6.460671228100118e-20
6.456734877920515e-20
6.452802394490921e-20
6.448873771971233e-20
6.444949004508482e-20
6.441028086316716e-20
6.437111011577104e-20
6.433197774503628e-20
6.429288369333045e-20
6.425382790320273e-20
6.421481031710354e-20
6.417583087804105e-20
6.413688952865586e-20
6.409798621243739e-20
6.405912087230468e-20
6.402029345173832e-20
6.398150389445899e-20
6.394275214401881e-20
6.390403814431774e-20
6.38653618394806e-20
6.382672317344856e-20
6.378812209086194e-20
6.37495585359313e-20
6.371103245336358e-20
6.367254378793756e-20
6.363409248463425e-20
6.359567848837178e-20
6.355730174461183e-20
6.351896219843925e-20
6.348065979556071e-20
6.344239448154471e-20
6.340416620228011e-20
6.336597490358518e-20
6.33278205315651e-20
6.32897030326184e-20
6.325162235287147e-20
6.321357843906641e-20
6.317557123767453e-20
6.313760069563903e-20
6.309966675978854e-20
6.306176937722553e-20
6.302390849518104e-20
6.298608406095585e-20
6.294829602213032e-20
6.291054432617947e-20
6.287282892098626e-20
6.28351497543393e-20
6.279750677432714e-20
6.275989992893736e-20
6.272232916671262e-20
6.268479443601631e-20
6.264729568523332e-20
6.260983286311576e-20
6.25724059184484e-20
6.253501480024537e-20
6.24976594575665e-20
6.246033983950787e-20
6.242305589540547e-20
6.238580757481109e-20
6.234859482713408e-20
6.23114176020976e-20
6.2274275849669e-20
6.223716951964103e-20
6.220009856198655e-20
6.216306292702934e-20
6.212606256509199e-20
6.208909742648381e-20
6.205216746185082e-20
6.201527262170491e-20
6.197841285698162e-20
6.194158811843035e-20
6.190479835727287e-20
6.186804352440966e-20
6.183132357129284e-20
6.179463844909222e-20
6.175798810932073e-20
6.172137250373727e-20
6.168479158375656e-20
6.164824530150131e-20
6.16117336085289e-20
6.157525645735925e-20
6.153881379976305e-20
6.150240558803902e-20
6.146603177471561e-20
6.142969231214594e-20
6.139338715300259e-20
6.135711624987431e-20
6.132087955568786e-20
6.128467702322974e-20
6.12485086056149e-20
6.121237425591967e-20
6.117627392732664e-20
6.114020757330116e-20
6.110417514712125e-20
6.106817660240922e-20
6.103221189285448e-20
6.099628097215849e-20
6.096038379411607e-20
6.092452031275655e-20
6.088869048213089e-20
6.085289425633908e-20
6.081713158953631e-20
6.078140243628119e-20
6.074570675098998e-20
6.071004448816099e-20
6.067441560240586e-20
6.063882004854742e-20
6.0603257781367e-20
6.056772875587009e-20
6.053223292698788e-20
6.049677024997934e-20
6.046134068011272e-20
6.0425944172499e-20
6.039058068281379e-20
6.035525016632803e-20
6.031995257881833e-20
6.028468787598631e-20
6.024945601357235e-20
6.021425694746329e-20
6.017909063365567e-20
6.014395702819316e-20
6.010885608724361e-20
6.007378776710171e-20
6.003875202409902e-20
6.000374881473357e-20
5.99687780953595e-20
5.993383982276619e-20
5.9898933953598e-20
5.986406044466253e-20
5.982921925278261e-20
5.979441033503052e-20
5.975963364842962e-20
5.972488914996402e-20
5.969017679722521e-20
5.965549654717753e-20
5.962084835735164e-20
5.958623218527176e-20
5.955164798855663e-20
5.951709572473857e-20
5.948257535165895e-20
5.944808682715618e-20
5.941363010911997e-20
5.937920515556708e-20
5.934481192448272e-20
5.931045037419262e-20
5.927612046286335e-20
5.924182214877923e-20
5.920755539044962e-20
5.917332014631442e-20
5.913911637502854e-20
5.910494403519198e-20
5.907080308554956e-20
5.903669348484082e-20
5.90026151921689e-20
5.896856816643591e-20
5.893455236655109e-20
5.89005677518326e-20
5.886661428147395e-20
5.883269191469721e-20
5.879880061101388e-20
5.876494032975137e-20
5.873111103050905e-20
5.869731267297866e-20
5.866354521667671e-20
5.862980862148888e-20
5.859610284727898e-20
5.856242785395668e-20
5.852878360142456e-20
5.849517004992506e-20
5.846158715938209e-20
5.842803489028701e-20
5.839451320283519e-20
5.83610220573513e-20
5.832756141435207e-20
5.829413123440188e-20
5.826073147792982e-20
5.822736210580445e-20
5.819402307881652e-20
5.81607143576306e-20
5.812743590311666e-20
5.809418767649403e-20
5.80609696385896e-20
5.802778175057001e-20
5.799462397373225e-20
5.796149626916835e-20
5.792839859839675e-20
5.789533092273015e-20
5.786229320363193e-20
5.782928540265838e-20
5.779630748148181e-20
5.776335940190238e-20
5.773044112542434e-20
5.769755261407607e-20
5.766469382975624e-20
5.763186473438255e-20
5.759906529006962e-20
5.756629545874953e-20
5.753355520295781e-20
5.750084448455125e-20
5.746816326620954e-20
5.74355115100716e-20
5.740288917875671e-20
5.737029623474769e-20
5.733773264072296e-20
5.730519835921834e-20
5.72726933529744e-20
5.724021758494802e-20
5.720777101793133e-20
5.717535361480218e-20
5.714296533863387e-20
5.71106061524635e-20
5.707827601952612e-20
5.704597490302694e-20
5.701370276610325e-20
5.698145957210064e-20
5.694924528468578e-20
5.691705986711498e-20
5.688490328293658e-20
5.685277549581373e-20
5.682067646943745e-20
5.678860616750853e-20
5.675656455384275e-20
5.67245515921957e-20
5.669256724676749e-20
5.666061148128456e-20
5.662868425994014e-20
5.659678554681652e-20
5.656491530610243e-20
5.653307350214066e-20
5.65012600991796e-20
5.64694750615582e-20
5.643771835381463e-20
5.640598994039416e-20
5.637428978589064e-20
5.634261785491933e-20
5.631097411221582e-20
5.627935852254901e-20
5.624777105062983e-20
5.621621166149943e-20
5.618468032004418e-20
5.61531769912078e-20
5.612170164010105e-20
5.609025423193036e-20
5.605883473185788e-20
5.602744310499332e-20
5.599607931686495e-20
5.596474333279002e-20
5.59334351181264e-20
5.590215463839649e-20
5.587090185929585e-20
5.583967674620701e-20
5.580847926496796e-20
5.577730938143808e-20
5.57461670612625e-20
5.571505227021183e-20
5.568396497435944e-20
5.565290513966115e-20
5.562187273220739e-20
5.559086771803368e-20
5.555989006317014e-20
5.552893973409969e-20
5.549801669694157e-20
5.546712091807971e-20
5.543625236389471e-20
5.540541100081621e-20
5.537459679538724e-20
5.53438097141728e-20
5.531304972389011e-20
5.528231679101173e-20
5.525161088252396e-20
5.522093196505409e-20
5.519028000552975e-20
5.515965497093668e-20
5.512905682809569e-20
5.50984855441724e-20
5.506794108623272e-20
5.503742342137003e-20
5.500693251689601e-20
5.497646833991247e-20
5.494603085783194e-20
