5.333333358716389
1.7264418548141358e-16
3.8279462566550335e-17
4.301050327619796e-17
4.2964109836159505e-17
3.5234182427799444e-17
2.3996359481649435e-17
1.44221015640179e-17
8.460100979520351e-18
5.468644529101533e-18
4.312663555518596e-18
3.8729582342258804e-18
3.477828007999988e-18
2.93174170600147e-18
2.3288373992781607e-18
1.8348454398420288e-18
1.5622547188865932e-18
1.5352146589001038e-18
1.7244940389140233e-18
2.083133752679508e-18
2.5600601726893214e-18
3.095429415652855e-18
3.622171824916422e-18
4.070243668730115e-18
4.388455333398366e-18
4.550504462725597e-18
4.5616862924812894e-18
4.4492684744990835e-18
4.2545320387962276e-18
4.012817248262988e-18
3.7535777061241314e-18
3.4935478483078346e-18
3.240382167122865e-18
2.9954141650921723e-18
2.755544318457387e-18
2.5184688275053536e-18
2.282349694123883e-18
2.046203421243658e-18
1.811430680328101e-18
1.5810255216021657e-18
1.359223847207457e-18
1.1509161952470155e-18
9.606558901640396e-19
7.920220196753386e-19
6.480208744634946e-19
5.285854292586661e-19
4.3279393720925073e-19
3.58473047400206e-19
3.031674550856735e-19
2.6345487132531094e-19
2.3647916709220536e-19
2.1880858561159277e-19
2.0869313615215527e-19
2.0326173002033737e-19
2.0099169886720717e-19
2.0086608143204707e-19
2.0085712919963232e-19
2.007787749429732e-19
1.9954185260599633e-19
1.9692523224754695e-19
1.9249213808727602e-19
1.8625377891378935e-19
1.782293970666379e-19
1.6853496346434796e-19
1.5756915927643672e-19
1.4559201789433244e-19
1.3312274216086008e-19
1.2051284460266619e-19
1.083096506071408e-19
9.669781591541014e-20
8.604858083699494e-20
7.6704565017277e-20
6.871437754116615e-20
6.216529300928011e-20
5.693707220300513e-20
5.334857531709589e-20
5.087738245430652e-20
4.978599102362059e-20
4.941477081771923e-20
5.0038691600762866e-20
5.12891470147796e-20
5.2943098928797967e-20
5.476897356414066e-20
5.68723372588758e-20
5.869748756447569e-20
6.053162732158984e-20
6.183173561935458e-20
6.282911246017707e-20
6.329124886710747e-20
6.321055507014015e-20
6.270253584285976e-20
6.162775075334413e-20
6.004982883440075e-20
5.809378197926378e-20
5.565451228858627e-20
5.293067661950809e-20
4.995270052179184e-20
4.6780259800239533e-20
4.350257993502946e-20
4.0186397950482247e-20
3.6906384385986605e-20
3.3713300818348665e-20
3.061077571182909e-20
2.7729577702559265e-20
2.4989287591540814e-20
2.2566623768230725e-20
2.023719353480266e-20
1.823137110782545e-20
1.647796545225337e-20
1.486290548188589e-20
1.353839055829244e-20
1.2403333257639846e-20
1.142554278554249e-20
1.0578908691932098e-20
9.92331141495145e-21
9.369803579560313e-21
8.852778473984119e-21
8.516269141197685e-21
8.161565346557172e-21
7.88655909710676e-21
7.57894104049195e-21
7.317870875173809e-21
7.087552879194058e-21
6.83992743853418e-21
6.558903832065112e-21
6.2836217954606956e-21
5.98101925893976e-21
5.688064568037259e-21
5.356769291906354e-21
5.0236721204066275e-21
4.674243273503197e-21
4.325094749592224e-21
3.968792857684656e-21
3.615851259631228e-21
3.2762047541734737e-21
2.940136610954059e-21
2.624077994848463e-21
2.3090167242899087e-21
2.0225763733732204e-21
1.7546384002277675e-21
1.5115210262980772e-21
1.2934328801045256e-21
1.0986502973177327e-21
9.263138259174598e-22
7.818040068169612e-22
6.559325604500588e-22
5.624658530755918e-22
4.83159030445518e-22
4.300875865718218e-22
3.90569629278822e-22
3.7237824111947686e-22
3.6664271332306695e-22
3.7538825305265387e-22
3.9488147278250534e-22
4.256553481250333e-22
4.663186507433994e-22
5.060047372683409e-22
5.513364538553093e-22
6.041187322480502e-22
6.563172519593515e-22
7.108254488189712e-22
7.658453535907398e-22
8.170134526552233e-22
8.670428917869705e-22
9.134910930970402e-22
9.600185847378393e-22
1.0010948681510095e-21
1.0382712599162451e-21
1.0737390821809641e-21
1.1036913558426086e-21
1.1288655690975561e-21
1.1531214872721317e-21
1.165847887753225e-21
1.185142440048563e-21
1.1981541401134275e-21
1.1998664465281504e-21
1.2013633954692395e-21
1.2127216845876155e-21
1.198496490315116e-21
1.2066024005142157e-21
1.1931135538263785e-21
1.1906578250731407e-21
1.1730368302940217e-21
1.1675857718052072e-21
1.1507915901175448e-21
1.1408572004606206e-21
1.1147064996229316e-21
1.1086921289207815e-21
1.0891882285650797e-21
1.0703722739894103e-21
1.0537618323892728e-21
1.0311256930361093e-21
1.0174934845140872e-21
9.978306859947332e-22
9.808262061905995e-22
9.684611547556211e-22
9.300980076349256e-22
9.290628181613357e-22
9.118340457827131e-22
8.851976172811022e-22
8.737071171775444e-22
8.567317745407567e-22
8.3897117953666365e-22
8.294852821692045e-22
8.135254466601342e-22
7.97136616265995e-22
7.828659354164347e-22
7.721972255844241e-22
7.585017817567616e-22
7.456093048889033e-22
7.2941007998604545e-22
7.261958537754563e-22
7.127856212347341e-22
7.088000991294888e-22
6.961291112739011e-22
6.8803278529331185e-22
6.763380319325337e-22
6.750840849613027e-22
6.647737813582635e-22
6.586358800212914e-22
6.555357176875082e-22
6.485256971862221e-22
6.404867053668998e-22
6.344819468011151e-22
6.358080394197072e-22
6.273849073103623e-22
6.241231488854186e-22
6.230336760198298e-22
6.187469482688804e-22
6.20192480912631e-22
6.11189683536024e-22
6.098193825633658e-22
6.06864067286423e-22
6.136264412365476e-22
5.97867482078365e-22
6.075934417061082e-22
6.016175853874905e-22
5.99155354464966e-22
6.02333211061591e-22
5.954629365419186e-22
5.982306541353797e-22
5.9719212088538895e-22
5.925623303734663e-22
5.954975298356198e-22
5.940667325181073e-22
5.944586040932922e-22
5.94028323244452e-22
5.912308946355544e-22
5.93686126389212e-22
5.939170769150579e-22
5.876713506404699e-22
5.872822346619281e-22
5.918970283989445e-22
5.823997356071714e-22
5.894324702153148e-22
5.859538205840218e-22
5.829429256251373e-22
5.854557570029599e-22
5.8196818120726775e-22
5.817784335738711e-22
5.763295238454027e-22
5.781632100873478e-22
5.806400579314983e-22
5.711721715988272e-22
5.72781860269615e-22
5.7353333164707625e-22
5.6943352175783035e-22
5.709874045706616e-22
5.662080946300386e-22
5.63862338892229e-22
5.641962294727791e-22
5.593980105084732e-22
5.61833686740525e-22
5.568279151720349e-22
5.568345399460517e-22
5.55331936211549e-22
5.5425399863406615e-22
5.518421497496859e-22
5.508968932517894e-22
5.5005367043462295e-22
5.464882098943842e-22
5.387833109264972e-22
5.443312471695505e-22
5.397933350598122e-22
5.376339967115688e-22
5.367964614148167e-22
5.359618115527429e-22
5.305252294661712e-22
5.287320774658704e-22
5.295201127754539e-22
5.249508716189852e-22
5.222331944023943e-22
5.193975615115233e-22
5.180248656827966e-22
5.198966051529756e-22
5.111794257651645e-22
5.089310798658814e-22
5.061337233398587e-22
5.052160615956765e-22
5.01738083012625e-22
5.020142480822138e-22
4.980479918719361e-22
4.930759193466807e-22
4.923422516253877e-22
4.932417691943616e-22
4.8295285819465955e-22
4.865520961947986e-22
4.826636494855844e-22
4.807771884905643e-22
4.7445783859209365e-22
4.683503475611407e-22
4.745058594962725e-22
4.670611629742758e-22
4.684140372891716e-22
4.614885268478661e-22
4.584797694922913e-22
4.599453406013021e-22
4.547753323748159e-22
4.550073367401313e-22
4.484992697674734e-22
4.467604281445304e-22
4.463530695286912e-22
4.434701513090793e-22
4.384932591422787e-22
4.379987587023058e-22
4.3490284546649725e-22
4.346183551024132e-22
4.299079566244199e-22
4.290385315084335e-22
4.239204728632927e-22
4.2236371053497214e-22
4.207696378520864e-22
4.1906380067551564e-22
4.1337230125932964e-22
4.1297195309647204e-22
4.115848860189708e-22
4.084880460351588e-22
4.0229765997108123e-22
4.0435966135269814e-22
3.9937454964578703e-22
3.982329935695404e-22
3.959825011068893e-22
3.91304369536476e-22
3.9135540430479173e-22
3.897706873174147e-22
3.850318641015405e-22
3.8595988166063746e-22
3.7989199308455027e-22
3.774372471008193e-22
3.750253235572145e-22
3.741554243426738e-22
3.735575927624751e-22
3.6786320348154035e-22
3.6829499979343915e-22
3.6627846531485107e-22
3.5897272515786897e-22
3.615199635847179e-22
3.577462678021961e-22
3.5355511774562462e-22
3.5458087146171806e-22
3.513069200253917e-22
3.487227014400474e-22
3.4669637080510487e-22
3.4785548497730596e-22
3.3910677343284966e-22
3.4180195692527044e-22
3.3639914104765106e-22
3.36029629370535e-22
3.3082778239037495e-22
3.347127266474935e-22
3.2833148090214466e-22
3.2676949433656127e-22
3.257297639801846e-22
3.2313510062222175e-22
3.219797611231046e-22
3.177777767770321e-22
3.1615393943944903e-22
3.141253332234846e-22
3.124090798358078e-22
3.123936941833041e-22
3.0620671471128467e-22
3.0717415375489873e-22
3.0424401634274923e-22
3.0092037840396636e-22
3.0308679656611222e-22
2.974135609020227e-22
2.9303622737453425e-22
2.9469024806007185e-22
2.952006460638903e-22
2.8863131785385143e-22
2.892675045005958e-22
2.8674853186511997e-22
2.853568471826472e-22
2.8206146908935413e-22
2.808553164605137e-22
2.8003341510684004e-22
2.7697958531440774e-22
2.742653395486874e-22
2.731589002394987e-22
2.714174743132191e-22
2.7208028772407917e-22
2.672383116920117e-22
2.6482179441235713e-22
2.6758174183521666e-22
2.6134343884103246e-22
2.6019233661992005e-22
2.5906317773119145e-22
2.564855385112475e-22
2.5408367769873604e-22
2.5310770716217244e-22
2.529540499119378e-22
2.4989982046719197e-22
2.4619455581113348e-22
2.459839263241865e-22
2.452488126786822e-22
2.4315238800856885e-22
2.395430330316642e-22
2.3919648997475373e-22
2.3645295370630756e-22
2.388388461915458e-22
2.345710630060096e-22
2.3154607961493717e-22
2.3269463213276123e-22
2.299805733117675e-22
2.2979533773127677e-22
2.25797806382791e-22
2.2403495008238e-22
2.248436883741906e-22
2.2214137924561623e-22
2.2165680820057824e-22
2.1959335434191517e-22
2.2152355547161105e-22
2.1597138459247472e-22
2.173459778326901e-22
2.143014258788724e-22
2.1191439786613923e-22
2.1161458733786113e-22
2.1016142965915724e-22
2.1038013229616433e-22
2.069914673271862e-22
2.0644417613892557e-22
2.0632568875843463e-22
2.0376125500218248e-22
2.0188650669755945e-22
2.0012894129664722e-22
1.9883280546959372e-22
1.985263834813473e-22
1.97133214039645e-22
1.9510980011276423e-22
1.94330373560384e-22
1.931775104462345e-22
1.909695220216915e-22
1.8843615066171004e-22
1.902064868788484e-22
1.8723553320468558e-22
1.8541151108352938e-22
1.8635556574147394e-22
1.8131634232981995e-22
1.8193459348162382e-22
1.8340290596711483e-22
1.79184893231122e-22
1.7717170818272928e-22
1.785416747861697e-22
1.7518334507945256e-22
1.752336619682579e-22
1.7481881765822774e-22
1.7010717099972127e-22
1.72941803935458e-22
1.6961547887586628e-22
1.6858411906171907e-22
1.6823357157534994e-22
1.6627756262817937e-22
1.6789261308451985e-22
1.6084123382232964e-22
1.6533264479688022e-22
1.6170473419919588e-22
1.6128318292339486e-22
1.5972134667277619e-22
1.5937961903661646e-22
1.5691186753527553e-22
1.5700671108467636e-22
1.5602764272062213e-22
1.5334076144465986e-22
1.5374223735463933e-22
1.5321993920649977e-22
1.5275052768985577e-22
1.4965020869170046e-22
1.5045514345744637e-22
1.4678179169031562e-22
1.47425607871021e-22
1.4731764721312514e-22
1.4517627581570806e-22
1.436489681698928e-22
1.4477299160814075e-22
1.414604637382841e-22
1.4261853117502573e-22
1.4139224089954258e-22
1.392990721223919e-22
1.3782906884431318e-22
1.372813418889059e-22
1.3799783591422574e-22
1.3417655080190464e-22
1.357720333837388e-22
1.32881657162327e-22
1.3451317915484746e-22
1.300036765414688e-22
1.3268587665406716e-22
1.3030713112915682e-22
1.2873933330419322e-22
1.301758845705492e-22
1.2764609810197146e-22
1.2552109933162016e-22
1.26822875272027e-22
1.240292640327781e-22
1.2490156924893326e-22
1.2348314661509712e-22
1.2193901831402046e-22
1.2237262225668367e-22
1.1992297824825832e-22
1.1963521879351495e-22
1.2127936905034607e-22
1.1649990239611516e-22
1.1904727741333741e-22
1.1736075663688775e-22
1.1563169904711383e-22
1.1538451836139406e-22
1.1399326554360032e-22
1.1501740925557863e-22
1.118369834122408e-22
1.1414144177069197e-22
1.1112933229515378e-22
1.1032153869473273e-22
1.1079655311165523e-22
1.0917474490516785e-22
1.0937328936705885e-22
1.0703816940805881e-22
1.0881068697678275e-22
1.0520212129601986e-22
1.0518746222001976e-22
1.0537570173733439e-22
1.0428625180457329e-22
1.0361519362126173e-22
1.036059356498338e-22
1.0150337560939245e-22
1.0259012748057201e-22
1.0016893393595616e-22
9.887689371396594e-23
1.0007603320000509e-22
1.0023032016789948e-22
9.674289981140275e-23
9.844040061668739e-23
9.624923856236369e-23
9.622073790551066e-23
9.661202949548868e-23
9.434593698681796e-23
9.426858690227227e-23
9.344621038477187e-23
9.37094510285308e-23
9.209407396806575e-23
9.19108220218513e-23
9.152962766990088e-23
9.006932736652529e-23
9.066158143538896e-23
8.931841842418231e-23
8.822778579345547e-23
8.994857264359375e-23
8.70935623082084e-23
8.798880673802422e-23
8.588507614818803e-23
8.626011752074036e-23
8.552660431076561e-23
8.537270080001971e-23
8.474003905149238e-23
8.340362799580405e-23
8.370762857434787e-23
8.284673335638609e-23
8.15332706671577e-23
8.113074740099064e-23
8.092104878672412e-23
8.098162075786971e-23
8.031293851564453e-23
7.924592194927138e-23
7.87850941870198e-23
7.832383811572634e-23
7.819734297982907e-23
7.776392250517058e-23
7.652047310055519e-23
7.564476854398709e-23
7.629006180939763e-23
7.575087343459383e-23
7.565307033006087e-23
7.395956639068268e-23
7.379778482355162e-23
7.372418249596134e-23
7.259595640345556e-23
7.31676137352229e-23
7.17250493668025e-23
7.20365893806341e-23
7.087908018856832e-23
7.132044235683251e-23
6.968314752264193e-23
6.966665571418051e-23
6.957757700425738e-23
6.937172721121431e-23
6.806583787451133e-23
6.963256705026053e-23
6.591986276736802e-23
6.781731877352256e-23
6.636108517858799e-23
6.645462160965688e-23
6.717067012238548e-23
6.462962148777125e-23
6.490797642747911e-23
6.447661757865217e-23
6.532760571476297e-23
6.337005083092598e-23
6.389769215950692e-23
6.306420423893298e-23
6.174124108819809e-23
6.343395244691145e-23
6.141643697031865e-23
6.171239083949447e-23
6.041808350816099e-23
6.077853753754267e-23
5.994514829361862e-23
5.9878818640327e-23
5.923776304891194e-23
5.879212159370284e-23
5.90587273699725e-23
5.787885852437429e-23
5.826699561555916e-23
5.733254390759401e-23
5.795759509389571e-23
5.555675916388025e-23
5.702136592850592e-23
5.573981652257768e-23
5.533632919161368e-23
5.578036615595095e-23
5.430665799642942e-23
5.50673979197871e-23
5.535890706311838e-23
5.270283333896406e-23
5.366488096252226e-23
5.429961136172697e-23
5.263927247679751e-23
5.280182773130961e-23
5.2450445815152064e-23
5.1926613873949525e-23
5.17985686920919e-23
5.220033845467973e-23
5.131577725932463e-23
5.028954882492318e-23
5.120544513963691e-23
5.092258889619728e-23
4.971762370716707e-23
5.0594555477430446e-23
4.919178361982249e-23
5.033264752561763e-23
4.8860161457255737e-23
4.935024691221468e-23
4.893998982128597e-23
4.8652720821731544e-23
4.7390524123226584e-23
4.748743681455286e-23
4.7499465722574e-23
4.741072950172566e-23
4.68394605562714e-23
4.587624897199774e-23
4.666469383268606e-23
4.591222200535227e-23
4.5918713725944183e-23
4.4359461335090117e-23
4.583335077236262e-23
4.5036090239095993e-23
4.3826557803653385e-23
4.462277678272909e-23
4.407142918222697e-23
4.3646655352273695e-23
4.344266010790783e-23
4.379408829125556e-23
4.288303704651563e-23
4.3613797509879576e-23
4.201390032014355e-23
4.1143013691692676e-23
4.207734701450832e-23
4.2634977793129107e-23
4.1122001841860694e-23
4.131705433512049e-23
4.1218738597603674e-23
4.056918386901839e-23
4.045057928662573e-23
4.0375190126324596e-23
3.9268176206694396e-23
4.062631599402424e-23
3.910710257331486e-23
3.9876856593863136e-23
3.776775606191966e-23
3.9755510383412455e-23
3.9086263129438447e-23
3.7865261031795367e-23
3.8074349459059865e-23
3.7770498242134743e-23
3.850420657411622e-23
3.682656225896294e-23
3.8018464889772447e-23
3.6469785711460545e-23
3.7323508635201065e-23
3.635865039936423e-23
3.7073611590248356e-23
3.594754894500679e-23
3.6856595105006334e-23
3.551923322019203e-23
3.5159285402610794e-23
3.6356528760726544e-23
3.4710453541499474e-23
3.5512439935663637e-23
3.469775055782013e-23
3.4347791552288095e-23
3.478833852782503e-23
3.3989989084038947e-23
3.3516251310296464e-23
3.39342212213342e-23
3.3264567193173873e-23
3.338014571637898e-23
3.299368156166005e-23
3.3187476590098e-23
3.177405750417835e-23
3.373595039145116e-23
3.185321447247038e-23
3.24122420979955e-23
3.2073470177725706e-23
3.1621031927884536e-23
3.2057809210068806e-23
3.1472347631761625e-23
3.144974660610506e-23
3.056626436559759e-23
3.1722530262823815e-23
3.0061802969100025e-23
3.154223011367707e-23
3.0539735003934366e-23
3.00457005463766e-23
2.9794065675032925e-23
3.058852015551715e-23
2.927053142925056e-23
2.95933214260545e-23
2.874990709158946e-23
3.008992627805974e-23
2.949982873774477e-23
2.9008027635056216e-23
2.8174427515335326e-23
2.9138052966767236e-23
2.766590973302425e-23
2.8690499286717454e-23
2.86903650489701e-23
2.780070203863286e-23
2.7467586493224986e-23
2.687503554944352e-23
2.794892529222282e-23
2.728830472374975e-23
2.7895192683967844e-23
2.6409853222306895e-23
2.752287452290393e-23
2.6333670661735127e-23
2.6607813895896806e-23
2.662498982542467e-23
2.6310167321814642e-23
2.548253310665091e-23
2.6229032110863654e-23
2.5923669514913707e-23
2.6073436085444618e-23
2.4840920085398367e-23
2.6198890580483377e-23
2.5243239183104264e-23
2.5162830874105963e-23
2.4735253225235265e-23
2.4315117434044067e-23
2.4789460553269232e-23
2.5191883719277852e-23
2.4016302679268012e-23
2.449124618319382e-23
2.4062376082991216e-23
2.4172177423755432e-23
2.3648716069746637e-23
2.3924368980304055e-23
2.3399871165983654e-23
2.4055789355583375e-23
2.317876182466924e-23
2.3054911736379687e-23
2.3141150184551484e-23
2.3105687993968777e-23
2.3106095149281462e-23
2.2544788726964226e-23
2.312489120101042e-23
2.2337345271726715e-23
2.249839987650725e-23
2.220361910307387e-23
2.1843219707980982e-23
2.1952348118368894e-23
2.2511215406089785e-23
2.182263053266655e-23
2.0744882647760512e-23
2.227204891291122e-23
2.0989790933915927e-23
2.1639142961938777e-23
2.1116033160868403e-23
2.1277143031938195e-23
2.1059858840061844e-23
2.1007525535139857e-23
2.0093861836108982e-23
2.1381609988176366e-23
2.0052140926703875e-23
2.011145767187202e-23
2.059109066428842e-23
2.0097656947460227e-23
2.0069233341338326e-23
2.0288477443495772e-23
2.0060433421940082e-23
1.9323843050342702e-23
2.0073982561210458e-23
1.941359539488691e-23
1.9055878325424473e-23
1.9479354347833753e-23
1.9137344617136444e-23
1.9286172927359402e-23
1.875132283432389e-23
1.9416487516347937e-23
1.860549216760388e-23
1.8564920664392187e-23
1.8816670934831763e-23
1.876513392915771e-23
1.8589674209426515e-23
1.7713273881325163e-23
1.871875308331216e-23
1.810121686845915e-23
1.8241631207129185e-23
1.82402549666387e-23
1.7215922002999707e-23
1.783406618381822e-23
1.862960486833198e-23
1.7055488114353554e-23
1.7146308019326433e-23
1.7832943788764062e-23
1.708898886721982e-23
1.6865384810178966e-23
1.7089532143507567e-23
1.7155299327776186e-23
1.6910220808390562e-23
1.6982330085990336e-23
1.6984600495454804e-23
1.6737744486265313e-23
1.6471029707489974e-23
1.665154597901136e-23
1.6437680155749038e-23
1.5933462303018766e-23
1.6698622019383587e-23
1.685823491972608e-23
1.5605857001648305e-23
1.602336765568899e-23
1.6285664874403823e-23
1.6294470953200117e-23
1.5015193587884668e-23
1.647144653255909e-23
1.475642760766726e-23
1.6059888093096294e-23
1.5049036755415566e-23
1.578434992963366e-23
1.5281777076116456e-23
1.5011304918487956e-23
1.5087057816639732e-23
1.506962579368844e-23
1.4681468208919548e-23
1.551761011589849e-23
1.450948438028234e-23
1.4710832111936488e-23
1.5154939461827682e-23
1.3881628550768156e-23
1.483656810525233e-23
1.4365617214915047e-23
1.421589559279927e-23
1.4985120553884044e-23
1.3827591122626823e-23
1.4049111879836898e-23
1.468644818600191e-23
1.34710639305333e-23
1.413548798619499e-23
1.3912617366837253e-23
1.420646034297697e-23
1.3434710500485557e-23
1.413229175538846e-23
1.3164794216894878e-23
1.441651298147126e-23
1.2952532350095739e-23
1.3502645280990904e-23
1.353931700521436e-23
1.332671992121676e-23
1.331432546233541e-23
1.266541137721161e-23
1.3399278157973056e-23
1.288776545325529e-23
1.3048490899642287e-23
1.2800581319657476e-23
1.2958417543882391e-23
1.2292783392248926e-23
1.2734105038357512e-23
1.28569146933142e-23
1.2000696236719267e-23
1.3015269168629308e-23
1.236618482475102e-23
1.2519786996138072e-23
1.2151910100543115e-23
1.2453338421433104e-23
1.2203847437088991e-23
1.2082587823621747e-23
1.1520637421438343e-23
1.2388939084611513e-23
1.2178550943155833e-23
1.1855824554020752e-23
1.2043230511680231e-23
1.178860017875198e-23
1.195629386511313e-23
1.117528776548811e-23
1.1664860196274498e-23
1.2261609576529485e-23
1.094250670394721e-23
1.135615469364321e-23
1.1931793206173862e-23
1.1032002507572893e-23
1.1172515413589286e-23
1.1588913114920322e-23
1.1063140482012036e-23
1.1119676038030541e-23
1.1054135391672828e-23
1.122355794475815e-23
1.1128116619045853e-23
1.0681610810328046e-23
1.1054710272992134e-23
1.0632708709153972e-23
1.0726377912695494e-23
1.1084380893921742e-23
1.057688451242047e-23
1.0470812419407126e-23
1.0739579671227652e-23
1.0257486479086747e-23
1.0870496191004106e-23
1.0220977390664816e-23
1.0136052613725865e-23
1.0352983875105542e-23
1.015764885776081e-23
1.0522018310040379e-23
1.0216438632877233e-23
1.0106966658485202e-23
1.012847790744793e-23
9.82699099438978e-24
1.007669267979933e-23
1.0026547251226389e-23
9.724601687237936e-24
1.026219156620421e-23
9.279494159738812e-24
1.0190404405577488e-23
9.723859201671041e-24
9.411590464259176e-24
9.891540362316138e-24
9.222242271166602e-24
9.896339572186646e-24
9.37950476589935e-24
9.327347271181542e-24
9.762895844581568e-24
9.107593065362018e-24
9.49525713700052e-24
9.16576395181341e-24
9.462299845259368e-24
9.151090217713346e-24
9.375928165687154e-24
9.250112579959765e-24
8.89756033076419e-24
9.242286137070617e-24
8.62140948479648e-24
8.898497065594123e-24
9.063089630455234e-24
8.990031320823592e-24
8.917175679668011e-24
8.647811697403346e-24
8.771074346152706e-24
8.767836219844083e-24
8.796238864216584e-24
8.68968403791182e-24
8.680544532696811e-24
8.431885764040453e-24
8.80024500030906e-24
9.129596276213347e-24
8.217623809902623e-24
8.622086202691867e-24
8.666379378091984e-24
8.504150016888297e-24
8.097303541931703e-24
8.834217439552841e-24
8.458939478152792e-24
8.131592581867156e-24
8.10670261649014e-24
8.346857876478134e-24
8.259297612850795e-24
8.128031100385909e-24
8.250225013077279e-24
8.110641133371462e-24
7.972232291888814e-24
8.335948435368038e-24
7.896210590813167e-24
7.924710699513842e-24
7.746888249934042e-24
7.825069947684238e-24
8.102381373390688e-24
7.395850509517957e-24
8.198627864999607e-24
7.551918998214626e-24
8.616884914198456e-24
6.92260711612268e-24
8.042247753630769e-24
7.691718373222868e-24
7.812026382116435e-24
7.58748161515478e-24
7.427237838109232e-24
7.420388710552652e-24
7.688870706680878e-24
7.49201291396579e-24
7.186039608452322e-24
7.400327246455392e-24
7.231454635977798e-24
7.23822417024996e-24
7.702794969540481e-24
6.552427734021785e-24
7.45929366591949e-24
7.055000229211285e-24
7.342647178020585e-24
7.168568185950505e-24
6.907338724109063e-24
7.366152994443551e-24
7.046718261036987e-24
6.823015077507797e-24
6.949205586780858e-24
7.037605425102259e-24
6.769806215387858e-24
7.158052931734972e-24
6.979413320417151e-24
6.837499656601503e-24
7.078193495896663e-24
6.55669595737523e-24
7.028658037951295e-24
6.2720630599944874e-24
6.913880641901997e-24
7.019313613856046e-24
6.336764251433309e-24
6.679656928378203e-24
6.686372303288268e-24
6.748459807606946e-24
6.4615661014510556e-24
6.225789841663668e-24
6.980504191119547e-24
6.4911783448953896e-24
5.972790657602068e-24
6.718770108721228e-24
6.363541035202196e-24
6.364359049932119e-24
6.454157350003055e-24
5.9600899891494954e-24
6.4254910384317525e-24
6.795028605714693e-24
5.928297045398143e-24
6.027105673347884e-24
6.225796803647555e-24
6.245439016450612e-24
6.441277438613958e-24
5.9066343890943094e-24
5.597608950112599e-24
6.148770573347894e-24
6.078549763855981e-24
6.132150577612967e-24
5.966885091920449e-24
5.900953988609165e-24
5.923279451756329e-24
5.656811052949832e-24
6.144131611761515e-24
5.81430854448198e-24
5.784384719154769e-24
5.490641042887503e-24
5.7104602138597385e-24
5.8417525997349e-24
5.7674287006465965e-24
5.8379473723440645e-24
5.734487036063945e-24
5.846880438237222e-24
5.451384553284246e-24
5.789522417531907e-24
5.39733304403001e-24
5.495934698490594e-24
6.170417151935534e-24
5.388152200720005e-24
5.5471776908534476e-24
5.511246067344995e-24
5.511948349839746e-24
5.4648401340843314e-24
5.628377143194743e-24
5.351550631312222e-24
5.535701967564404e-24
5.29570655651754e-24
5.505097393453841e-24
5.418262740947041e-24
5.097580926756805e-24
5.54009756571224e-24
5.5041954165551036e-24
4.744863584283418e-24
5.1280960566466015e-24
5.4269357017158565e-24
5.17082655991957e-24
5.297545042051531e-24
5.0339051063511675e-24
5.26388225615746e-24
4.990038636864629e-24
4.919310471394469e-24
4.950864040158616e-24
5.406612213997287e-24
4.866533858287379e-24
5.0412590702865605e-24
4.8289029208075105e-24
4.945087812995239e-24
5.152211087746632e-24
4.8382456177965626e-24
4.99456699465945e-24
4.607145663174488e-24
5.3651704204265045e-24
4.47389950501424e-24
5.403755087977104e-24
4.56647253407657e-24
4.721300224882984e-24
4.922741652965394e-24
5.097653075916449e-24
4.7573787065170576e-24
4.8015092419433834e-24
4.551301588578527e-24
4.784121015761517e-24
4.63138723593701e-24
5.085273134681036e-24
4.646778682242577e-24
4.2954745697821835e-24
4.947695001798307e-24
4.281423779074473e-24
4.916701372347525e-24
4.573505604402205e-24
4.2890789811371615e-24
5.0048027634334536e-24
4.293230823859231e-24
4.710963050941906e-24
4.204575080225957e-24
4.750502742073232e-24
4.478818774366183e-24
4.505077433113925e-24
4.35866147028303e-24
4.49387753741673e-24
4.391002463715604e-24
3.9944230877193924e-24
4.906606333768054e-24
4.246302929503864e-24
4.344258261519841e-24
4.345128102657002e-24
4.139905666833334e-24
4.286469350572994e-24
4.338040326844729e-24
4.3119528541822845e-24
4.003791196800115e-24
4.6711519301644976e-24
4.423383689840591e-24
3.948383473678911e-24
4.0387803361785616e-24
4.193705306122121e-24
4.1808072630823486e-24
4.0763042909025334e-24
4.212855917917974e-24
4.145943093911828e-24
3.952580553414889e-24
4.142834794764817e-24
4.4424112510529575e-24
4.1552737043420364e-24
3.820831628311605e-24
3.884062945214115e-24
4.514543191649776e-24
3.72134569168614e-24
4.124178735064638e-24
4.049600345440184e-24
3.9438436350336824e-24
3.9394693980292535e-24
3.853742811584996e-24
3.781270415514582e-24
3.924076958364752e-24
4.161074588997981e-24
4.058307342694777e-24
3.90272745823334e-24
3.632633132896361e-24
3.965509756758456e-24
3.933816878022832e-24
3.7289538571451965e-24
3.713909116521445e-24
3.745233804154054e-24
3.730604073548415e-24
4.180083555587705e-24
3.435440918452722e-24
3.7719282360980776e-24
3.8779818738355195e-24
3.6530349277925e-24
3.521059987554464e-24
3.7055217988256926e-24
3.464421416135339e-24
3.914849310036302e-24
3.629450726006033e-24
3.772892161527504e-24
3.572818360176217e-24
3.7287271402424465e-24
3.6908815579003974e-24
3.333442072760257e-24
3.754048384886523e-24
3.438755032709332e-24
3.889336245965799e-24
3.668833489444614e-24
3.359443308215742e-24
3.564286371246281e-24
3.4527468832293806e-24
3.364223453093022e-24
3.6551241021052304e-24
3.363912559796785e-24
3.6986912681866225e-24
3.1026074709818847e-24
3.635009891429616e-24
3.4097315441543666e-24
3.2215936371276476e-24
3.834474496832307e-24
2.9510162336677377e-24
3.6121077129372194e-24
3.284228230949256e-24
3.3797618530275774e-24
3.527420316441969e-24
3.357260668832071e-24
2.8999727527288328e-24
3.788242314810195e-24
3.183921210779646e-24
3.3521441601192e-24
3.3587775014448195e-24
3.087571668070783e-24
3.4735560990094836e-24
3.692878181967715e-24
3.157225190937462e-24
3.2737657141533973e-24
3.084108104112415e-24
3.785896481104002e-24
2.7059302555562602e-24
3.432455449440305e-24
3.335225343247697e-24
3.310105702325973e-24
3.0609612135667047e-24
3.2077219332067813e-24
3.2208387775235514e-24
3.082139357762843e-24
2.8985328425546848e-24
3.25106609447499e-24
2.988251853211164e-24
2.9873061997746985e-24
3.519929298069314e-24
2.9987219778375162e-24
3.119550391318006e-24
3.4725142394461996e-24
2.863848225598724e-24
3.1991083408791743e-24
2.8956553831704394e-24
3.1169433120213035e-24
2.993702149440877e-24
3.2536820742477063e-24
2.840566748085614e-24
2.834913110098318e-24
3.2382558999035718e-24
2.84253356422314e-24
2.8205172341833306e-24
3.1203790493309012e-24
2.9563845460022556e-24
2.9087827576205105e-24
3.032591357564038e-24
2.772006617475561e-24
2.975166569609245e-24
3.3081150829900324e-24
2.744664308157239e-24
3.034436474041795e-24
2.999640526279258e-24
2.7759881371010374e-24
2.8992241342257414e-24
3.3080055188761254e-24
2.6302509046557834e-24
2.947943200270458e-24
2.6854516940513426e-24
2.746130814124993e-24
2.9208720599737846e-24
2.8065410080075603e-24
3.0635768401933176e-24
2.5357055330181417e-24
2.8621475273040787e-24
2.7889716159480025e-24
2.938562483848362e-24
2.4940498038768783e-24
2.9264844061659206e-24
2.6875161358332304e-24
2.4793406323507584e-24
3.157642184179956e-24
2.524808219707309e-24
2.7731383298414955e-24
2.7891937751979144e-24
2.4348441184347792e-24
3.057724569666529e-24
2.5096665177512738e-24
2.803769460263249e-24
2.8203708518309986e-24
2.6181582789325526e-24
2.8687555131384826e-24
2.501845135837375e-24
2.750139754770993e-24
2.513624095504977e-24
2.48233333429005e-24
3.113628401177341e-24
2.4503175937659815e-24
2.8091337318886944e-24
2.2744287869195286e-24
2.8113440976989073e-24
3.0511851195148087e-24
2.175663049522926e-24
2.8368928621632795e-24
2.573492683289314e-24
2.500599558964479e-24
2.4898526885938413e-24
2.643531879102747e-24
2.3663655689222548e-24
2.7488895860105207e-24
2.405274166641258e-24
2.7421224191218275e-24
2.2972713393636668e-24
2.707628886150273e-24
2.5118696154110706e-24
2.511899113666197e-24
2.5695844401473906e-24
2.332879909372708e-24
2.4388848458813147e-24
2.347778381063823e-24
2.5764734994788926e-24
2.6776789597480084e-24
2.2289165921482256e-24
2.6450956209119677e-24
2.2803686232060783e-24
2.3013631870233778e-24
2.574451039717077e-24
2.3403597386223507e-24
2.627468487047799e-24
2.3195190890623595e-24
2.413107646977883e-24
2.3616379621307056e-24
2.4200215955188206e-24
2.7462729216373987e-24
2.320021758356971e-24
2.456820459978291e-24
2.4878407878717137e-24
2.3826579608121355e-24
2.4417278695368522e-24
2.2001895834409894e-24
2.6282825126983367e-24
2.652327301917608e-24
1.933406415148117e-24
2.4483435153251213e-24
2.3035825850334287e-24
2.459326942646026e-24
2.147778408122634e-24
2.5205290647311473e-24
2.1649418371060162e-24
2.1323447076538933e-24
2.144042094616996e-24
2.71431669376009e-24
2.0975379726260763e-24
2.2301970574281257e-24
2.6139872484019267e-24
2.201710030926403e-24
2.1289011961557648e-24
2.4516883512180683e-24
2.3054216339779106e-24
2.1971170188625402e-24
2.3795722552674626e-24
2.1033342785012416e-24
2.1883815387733044e-24
2.0903295100333385e-24
2.796837078629513e-24
2.0933602612695085e-24
2.081697612807124e-24
2.4632083814217118e-24
2.193345111528863e-24
1.8792403199249838e-24
2.343339369074232e-24
2.3852313907257254e-24
2.200949416402035e-24
2.1339122906679892e-24
1.9332683237041498e-24
2.372786863896734e-24
2.012443784383432e-24
2.266045150982118e-24
2.3595861286239826e-24
2.3045948387506968e-24
1.9163253929691687e-24
2.1584130589164287e-24
2.2919270385949734e-24
2.047108246483694e-24
2.1908276470132618e-24
1.9790865335505803e-24
2.091398158005443e-24
2.052244750349661e-24
2.280523359398388e-24
2.0629422115446038e-24
1.9374278457788856e-24
2.443653576938444e-24
1.857023034405025e-24
2.2410780395108607e-24
1.8985034147759123e-24
2.418388270570126e-24
1.9054395283456294e-24
1.854678200701544e-24
2.4379616356095572e-24
1.916065248334684e-24
2.0524498606922882e-24
2.310686490398069e-24
2.238528707124537e-24
1.8872697640887456e-24
2.005636963201226e-24
1.9495294616666272e-24
2.2468994524417535e-24
2.1389957509936514e-24
1.876469128231017e-24
2.4705193127287387e-24
1.798571929534093e-24
2.4959995918889905e-24
1.751343582922455e-24
2.1225116010763604e-24
2.2165760629296997e-24
1.979757515709761e-24
2.0609016131992737e-24
1.8710581152246896e-24
2.2272877675841044e-24
1.9313806434346385e-24
1.73684462833845e-24
2.2323643493736726e-24
1.8077054139947684e-24
2.018209114791327e-24
2.153880556696905e-24
1.7956269439113713e-24
1.9894811580797278e-24
2.13754262338283e-24
1.8455141508665175e-24
2.106876199883422e-24
2.035254398968519e-24
1.9157334697291142e-24
1.8022443310768787e-24
1.92160055324981e-24
2.0241528784852354e-24
1.891709650756639e-24
1.924747391745349e-24
1.8675832368014605e-24
1.9948391422506428e-24
1.8836368420368476e-24
1.7372529482875824e-24
1.9195847315369707e-24
2.2283399600688826e-24
1.738504236038666e-24
2.046461060552098e-24
1.947440644831528e-24
1.7917544004952194e-24
2.217075412105677e-24
1.824866377351295e-24
1.8155847250442044e-24
2.0852616692917587e-24
1.855626034772443e-24
1.8889571095776507e-24
1.9581887527329304e-24
1.8512741034838875e-24
1.8916413899199597e-24
2.0574542954665974e-24
1.8308825077329044e-24
1.9975202295209937e-24
1.8202833175763065e-24
1.809085370426543e-24
2.0641590579088788e-24
1.6837036101664454e-24
1.93713411693721e-24
1.6282654693712912e-24
2.348421359482965e-24
1.7480062806811907e-24
1.8966011381420153e-24
1.841935910503368e-24
1.8547636296099302e-24
1.7513754263079015e-24
2.2014324917480547e-24
1.5793886675680302e-24
2.7436002846115767e-24
1.7183756535258196e-24
1.9525599201357736e-24
1.792543733058289e-24
1.8726734520599133e-24
1.9057031201166128e-24
2.029874613818088e-24
1.6796221520321133e-24
1.810876457892991e-24
1.8077142473548495e-24
2.0619245817982406e-24
1.700290017382088e-24
1.7198839760234154e-24
1.880591852462266e-24
1.8496862795360277e-24
1.882173583912879e-24
1.8066485502070117e-24
2.3704439794278943e-24
1.4683625656144548e-24
1.806798981890346e-24
1.7892361719116157e-24
1.727997429081516e-24
1.984378122269975e-24
1.9098536575446057e-24
1.58292994094662e-24
1.997662538861629e-24
1.5116983881708752e-24
2.0177287172071036e-24
1.770376740439879e-24
1.825952103576693e-24
1.9177502832250724e-24
1.8763267420360934e-24
1.680104334176521e-24
1.970928519612928e-24
1.6326411892337236e-24
1.4607369504365215e-24
2.1803950883604002e-24
1.4471883256908115e-24
1.933899406534125e-24
1.8104488439207437e-24
1.7918355512696523e-24
1.5900826873651175e-24
2.0201492275257745e-24
1.646736724309526e-24
1.866293411672714e-24
1.784069134961342e-24
1.659509670611305e-24
1.659459384541935e-24
1.818565634484822e-24
1.744781851242708e-24
1.7476896394811876e-24
1.8277163119490285e-24
1.6647929457803994e-24
1.662199029580393e-24
1.851091094905969e-24
1.4672453657930084e-24
1.934766042405775e-24
1.718111288744798e-24
2.04575376760276e-24
1.3070233972880397e-24
2.0125481421321903e-24
1.7060266086138577e-24
2.052825622644219e-24
1.6871391767933337e-24
1.5426431107585309e-24
1.6265865962086176e-24
1.7284070840555923e-24
2.2056630725460493e-24
1.6519510383798111e-24
1.5448015660180173e-24
1.6104060904788838e-24
1.7276543853947992e-24
1.3576405564389126e-24
2.1231605265578324e-24
1.4744260236284634e-24
1.539709461426905e-24
1.902145520869098e-24
1.7367697944228085e-24
1.8696637910647108e-24
1.5662884109829905e-24
1.4213084037324334e-24
1.5796747675833841e-24
1.6337997804557692e-24
1.876434358734177e-24
1.553831149688391e-24
1.6659041251033463e-24
1.4757969471805608e-24
1.857636585623494e-24
1.5412419959977142e-24
1.667392310935106e-24
1.6296608646780162e-24
1.8859418475055588e-24
1.37043107988776e-24
1.5783816951733936e-24
1.5282819986778348e-24
1.704383485221568e-24
2.0722757317152586e-24
1.5187414226760921e-24
1.6998027007535356e-24
1.4263518477075812e-24
1.990998140250626e-24
1.566396387315605e-24
1.461546589406349e-24
1.757380913032956e-24
1.5897591333518688e-24
1.7621350188164326e-24
1.509347227764252e-24
1.653696229172639e-24
1.6468815747279187e-24
1.8115763980107013e-24
1.727632983223946e-24
1.2679578299738424e-24
1.7041574244998366e-24
1.6421509280757838e-24
1.5331405303740946e-24
1.5640283512776273e-24
1.8331204738799787e-24
1.6187854205352928e-24
1.3913016436733008e-24
1.783365606410406e-24
1.6113861708141304e-24
1.5223550809704305e-24
1.677676908261428e-24
1.4367647880234273e-24
1.732868325510615e-24
1.406831832281307e-24
1.829929332920135e-24
1.539620223400031e-24
1.3713731369649178e-24
2.041178085187618e-24
1.4543825550165604e-24
1.426364685163328e-24
1.763663191069012e-24
1.597917997811055e-24
1.4735856514269025e-24
1.5769384627037192e-24
1.4237835527846083e-24
1.7370725533372785e-24
1.5119560315548302e-24
1.5402294358998465e-24
1.5255886444770574e-24
1.5169142907365869e-24
1.6520988601980865e-24
1.390204449353801e-24
1.862541087443798e-24
1.4468879747435014e-24
1.6190179461616169e-24
1.657922132444689e-24
1.3124537943316748e-24
1.810308990622215e-24
1.4320596362575644e-24
1.686973401365299e-24
1.4593564785756788e-24
1.4295126346504939e-24
2.1010265019405513e-24
1.5997000592579265e-24
1.3239273173666714e-24
1.2906875724108263e-24
1.6703653396455495e-24
1.7675513872396985e-24
1.4639982348942124e-24
1.3451127168370142e-24
1.5382373317512713e-24
1.5926486030645848e-24
1.4622690765838849e-24
1.4303031082586453e-24
1.2929964076163697e-24
1.640147990663289e-24
1.7852061550362853e-24
1.4117814429077831e-24
1.5083482205364755e-24
1.371136635591232e-24
1.9219173504454574e-24
1.3190534635300744e-24
1.5341868981797722e-24
1.495644302729565e-24
1.5877532244924111e-24
1.2826743890433545e-24
1.7503461836797003e-24
1.3984052974112794e-24
1.7093894122983173e-24
1.417448889094303e-24
1.546993176132489e-24
1.1445976943299865e-24
2.2487628029178052e-24
1.2461694369374593e-24
1.3627967181347294e-24
1.4927088006778128e-24
1.809880677963279e-24
1.2127912273095503e-24
1.5148278194063435e-24
1.41602572043883e-24
1.5000477370107127e-24
1.3432552216706615e-24
1.6173349481593146e-24
1.5558979252815208e-24
1.3683656681581176e-24
1.4510917034505678e-24
1.3273876910064377e-24
1.4678960088298082e-24
1.5454452797834696e-24
1.6428057083990872e-24
1.409734721158865e-24
1.1879215174111484e-24
1.5961539479191849e-24
1.5129437274379963e-24
1.3434639703099904e-24
2.2823420746720766e-24
1.1872982227836125e-24
1.565864586456381e-24
1.3644210844099275e-24
1.5060083734776846e-24
1.4314078402959594e-24
1.6941227171053035e-24
1.3090084704258799e-24
1.6648069594489988e-24
1.1251819037650542e-24
1.5038560294382266e-24
1.860109345190372e-24
1.2692079414408412e-24
1.5650408425922595e-24
1.4095885143412018e-24
1.3693686451015313e-24
1.3717005483746095e-24
1.5076571158301197e-24
1.4928898028575022e-24
1.2965034919774136e-24
1.4195925963581542e-24
1.3943348060768812e-24
1.4021526468044371e-24
1.4983777933518782e-24
1.4936789041394143e-24
1.5359013603077174e-24
1.124427401019499e-24
1.7656687118627458e-24
1.437067163240396e-24
1.276793504078686e-24
1.770029158044704e-24
1.367884837819778e-24
1.483206579326155e-24
1.2521392096709642e-24
1.5866484430421677e-24
1.2238172832027774e-24
1.4027078715218802e-24
1.6211397625665487e-24
1.1971731820464318e-24
1.564397106098081e-24
1.2018179473141842e-24
1.69737997777092e-24
1.3089601122450483e-24
1.5601958859448736e-24
1.3033012681876536e-24
1.4465108470180108e-24
1.4855979117081349e-24
1.2368947711675376e-24
1.6106396995597145e-24
1.2319632275062245e-24
1.2497999307443452e-24
1.5080666219137093e-24
1.2409540397582489e-24
1.704157450376061e-24
1.2172348908468034e-24
1.4771805705240076e-24
1.3881757474806564e-24
1.4367926111754103e-24
1.493378844478781e-24
1.2578901710913832e-24
1.3403973241836397e-24
1.6303194044018232e-24
1.2787768890917374e-24
1.2910303838609704e-24
1.405013517293243e-24
1.3592817903255593e-24
1.8261287956325766e-24
1.2862159084294673e-24
1.5705267283083008e-24
1.2809729651383956e-24
1.3777910965444664e-24
1.6319803176471347e-24
1.5013456588817606e-24
1.2500227695321219e-24
1.1791394732307175e-24
1.7354970956945877e-24
1.3447009106714748e-24
1.357213715070652e-24
1.5363230313734376e-24
1.1823268665613425e-24
1.5584933322613788e-24
1.1759476172998797e-24
1.3451229895655776e-24
1.4647788501814988e-24
1.4308832795264448e-24
1.3305999809386155e-24
1.1992754790821245e-24
1.5605006863715303e-24
1.2647105272462796e-24
1.3472606242294484e-24
1.369858230629183e-24
1.6018516175579393e-24
1.226559890886448e-24
1.5157417109891239e-24
1.2189216562443171e-24
1.1465825206753242e-24
1.5840925714173449e-24
1.3262277490488287e-24
1.3470867522520222e-24
1.367650432963856e-24
1.3773896852595986e-24
1.295903279922814e-24
1.4895676069926685e-24
1.1749822009081338e-24
1.5489007755212792e-24
1.3949896663772368e-24
1.2685921975524665e-24
1.2618725936182245e-24
1.3061911657865056e-24
1.4458633470395936e-24
1.728635071743447e-24
1.1057589983703966e-24
1.269597534508878e-24
1.1543680430894787e-24
1.4974667253957754e-24
1.6133066294158878e-24
1.3245970095086287e-24
1.2590593251558967e-24
1.4119319772612215e-24
1.3637121078362071e-24
1.4390266161681246e-24
1.2475977428066214e-24
1.2943906789307098e-24
1.4314864078535552e-24
1.3096454240696476e-24
1.7247815739790045e-24
1.1354886435665512e-24
1.3136422106583938e-24
1.4736243709472654e-24
1.1858563888317443e-24
1.9048623371311056e-24
1.0936724592950402e-24
1.1811306790776087e-24
1.512546261263844e-24
1.3030522053501917e-24
1.4775587465816004e-24
1.4141821290116167e-24
1.2629806277270503e-24
1.4420958024941658e-24
1.219476147943945e-24
1.1268452037061247e-24
1.88669026655008e-24
1.2003317828204984e-24
1.1043499170171975e-24
1.7273302734886653e-24
9.465165613688616e-25
1.6881959988538254e-24
1.2940011701725281e-24
1.2000850428208267e-24
1.7930991132556945e-24
1.0634669168087602e-24
1.4755996065173454e-24
1.392828562378274e-24
1.4420906686921382e-24
1.174535256251306e-24
1.3329352080907588e-24
1.4553152896335781e-24
1.262774424229e-24
1.2575027673691829e-24
1.6092638121759212e-24
1.0816262104601297e-24
1.5105947425921399e-24
1.1585414169093807e-24
1.2363758826040401e-24
1.1794437520638965e-24
1.7110001308814583e-24
1.1782564799132665e-24
1.429555953954233e-24
1.2581635211631379e-24
1.5463798961159833e-24
1.1314754912346228e-24
1.4114144477407495e-24
1.2465973826021854e-24
1.32298488841232e-24
1.2548379799984405e-24
1.4495943942872014e-24
1.2128301857252323e-24
1.2493372199715812e-24
1.567248340617466e-24
1.2182947850576199e-24
1.1390857906071785e-24
1.3337628475507947e-24
1.3600550537978033e-24
1.550085098407931e-24
1.0398832309596283e-24
1.4320892496120756e-24
1.2926251329636243e-24
1.5155948200975372e-24
1.328767648041322e-24
1.0842240713444088e-24
1.2201562812929455e-24
1.6603737948748945e-24
1.1027284236606176e-24
1.211220046424841e-24
1.702502659149646e-24
1.1547553439961124e-24
1.2398574625420913e-24
1.2620183933318997e-24
1.4698782443345888e-24
1.2916307398515315e-24
1.1326623288911449e-24
1.5139813385563013e-24
1.2694704448599291e-24
1.0162775822114707e-24
1.507436523115909e-24
1.3203530611172648e-24
9.966132228252694e-25
1.4632055565424526e-24
1.3280526736002488e-24
1.2706035132564307e-24
1.1070085610948177e-24
1.632000478282267e-24
1.2151825370356435e-24
1.2765987328493838e-24
1.3066786296336372e-24
1.1495670344280823e-24
1.3426524688812315e-24
1.187504129957241e-24
1.0628615644515984e-24
1.7525547348132486e-24
1.3544137746856382e-24
1.2296263142149896e-24
1.4503200594455364e-24
1.2077269298100972e-24
1.157315502887765e-24
1.5195570604901369e-24
1.0611446929993117e-24
1.0872490895040802e-24
2.1086685749897263e-24
1.1584770830061543e-24
1.1888811410473295e-24
1.8472944201298346e-24
1.1832312767403907e-24
1.4328819789227603e-24
1.3466211537164972e-24
1.124892084279065e-24
1.328164845655424e-24
1.3563876414509302e-24
1.3456477094641479e-24
1.019224817288327e-24
1.5287968913691456e-24
1.128866121211438e-24
1.3951065517907848e-24
1.2159116995954996e-24
1.2889782245095858e-24
1.2486691127985962e-24
1.3852720841929347e-24
1.3745421488193145e-24
1.0737825855311301e-24
1.3805395968712848e-24
1.2535055709014119e-24
1.1975599783894055e-24
1.8086819614348392e-24
1.139217585582867e-24
1.505867067789316e-24
1.091956749681754e-24
1.3496385494896743e-24
1.369251543883185e-24
1.1636548625975304e-24
1.109313315429476e-24
1.4690922630577454e-24
1.4043094971102249e-24
1.4271736137242063e-24
1.1549263978135888e-24
1.3128444931785218e-24
1.3351372091064224e-24
1.3947995628589146e-24
1.1265316460990032e-24
1.239898327407451e-24
1.37024138892276e-24
1.1206988840522281e-24
1.2128145721017418e-24
1.3219577426728618e-24
1.2539946098394534e-24
1.3837240848412068e-24
1.1959639033821151e-24
1.216676921345703e-24
1.6107249190989544e-24
1.0973285548747103e-24
1.0754811161173007e-24
1.831753628719776e-24
1.1796662715851791e-24
1.2634729747640608e-24
1.1514150122888112e-24
1.168594096760979e-24
1.2833133157736345e-24
1.2412217919738448e-24
1.482420865716732e-24
1.1356667575276731e-24
1.2502116961793409e-24
1.2418757668333002e-24
1.3757582922944835e-24
1.0410571226264426e-24
1.3617792410433393e-24
1.3267399822060056e-24
1.3744098591840795e-24
1.2657120566419278e-24
1.5679737526652666e-24
1.0922725065200987e-24
1.2845323370887301e-24
1.201044782816325e-24
1.2004262675658455e-24
1.2644586696866074e-24
1.47773847509322e-24
1.2068606756292876e-24
1.369207691125411e-24
1.1435920906444302e-24
1.2741224228977752e-24
1.431526851028199e-24
1.2679244467486341e-24
1.065218613278604e-24
1.228148358330963e-24
1.6385336555791645e-24
1.2796934556618505e-24
1.534631442405142e-24
1.0786174896454665e-24
1.528829523385469e-24
1.0067788873070739e-24
1.7261123223257263e-24
1.0400596220025152e-24
1.225449630452905e-24
1.290568876976924e-24
1.2901575474320988e-24
1.2642858402871708e-24
1.1630997289780617e-24
1.2475640156863016e-24
1.4583092589147408e-24
9.104552880034833e-25
1.6040630805966909e-24
1.403464159787833e-24
1.2160786176195205e-24
1.0904675805352274e-24
1.3842595232394833e-24
1.1756562190940588e-24
1.5149317350105681e-24
1.0416734453500875e-24
1.3742212541397825e-24
1.2035284262686483e-24
1.2152830841779243e-24
1.3907953783373305e-24
1.1514423627080078e-24
1.452421823559476e-24
1.1276751492250849e-24
1.2706635437267081e-24
1.1793538838121974e-24
1.1829681077743033e-24
1.3009461372158335e-24
1.2092566197478325e-24
1.217438798742533e-24
1.1700725162796594e-24
1.4218117104545969e-24
1.1320179396380751e-24
1.2347895035735235e-24
1.226512840288786e-24
1.136757182704816e-24
1.231735647494925e-24
1.4676433244759991e-24
1.1051622663910275e-24
1.6848889238844347e-24
1.1058624271758873e-24
9.822439255307055e-25
1.282229415258398e-24
1.3413631360421837e-24
1.3076999718566304e-24
1.415646953217727e-24
1.201745148735538e-24
1.1081567213416366e-24
1.387994345429463e-24
1.1321125819900403e-24
1.2530045399491822e-24
1.1707626107269859e-24
1.1141210962575648e-24
1.41295589012665e-24
1.2724098293394774e-24
1.3234752700658955e-24
1.138542690944025e-24
1.1378408214812307e-24
1.2602921892298375e-24
1.1713726074729851e-24
1.7242223887237464e-24
1.0659506682570262e-24
1.217789538054223e-24
1.3477536843536892e-24
1.1026217044900993e-24
1.2226628304443537e-24
1.1249999720727378e-24
1.3918380133091991e-24
1.1429355140602324e-24
1.5927775535334562e-24
1.174533815749717e-24
1.0589567243382299e-24
1.2858326257512065e-24
1.1614627993161328e-24
1.2070135091331348e-24
1.3778750070177569e-24
9.908264889581033e-25
1.5773082513641666e-24
1.2153493986323793e-24
1.1779555659835365e-24
1.41091620144563e-24
1.0451073581616434e-24
1.1853377138649835e-24
1.3411929717467553e-24
1.1559103773410023e-24
1.4114732806760686e-24
1.040390959331495e-24
1.4027696468150664e-24
1.3235100488872356e-24
1.0348669695434576e-24
1.2522759214936398e-24
1.3475048622651148e-24
1.1176441940756402e-24
1.2152463844795058e-24
1.2227620220565662e-24
1.6352497545597638e-24
1.0423751383590199e-24
1.0569687555872251e-24
1.3769385363603802e-24
1.325697186050459e-24
1.1406867601896586e-24
1.1417792867014808e-24
1.3912435285503435e-24
1.3435752591843965e-24
1.0747712703046765e-24
1.0999546919123047e-24
1.6391655714584774e-24
1.3574869885519718e-24
1.1206679052803327e-24
1.4525484905313556e-24
1.206715360507354e-24
1.0866008030103e-24
1.1932364751196708e-24
1.4241025025590851e-24
1.0919020251091587e-24
1.3413572284685753e-24
1.322562277363697e-24
1.1109985958696523e-24
1.1011706043429376e-24
1.4008779124438078e-24
1.2654941892138202e-24
1.1132604329755912e-24
1.1810793063889733e-24
1.3195460284425608e-24
1.40488737933043e-24
1.19747967893357e-24
1.0839516585997116e-24
1.5666437105926508e-24
1.0786706021399813e-24
1.5348312334561446e-24
1.2966554092306712e-24
1.1678131287246379e-24
1.1840354648585083e-24
1.232376706005511e-24
1.2843170330112055e-24
1.197425191090783e-24
1.1555597024555386e-24
9.512168589691199e-25
1.6152556534937993e-24
1.0519366519907109e-24
1.6351945072008688e-24
1.0411472327965205e-24
1.2397908919012246e-24
1.3741309097991666e-24
9.565082187680015e-25
2.019583675834633e-24
1.0759800647859714e-24
1.2414606728619288e-24
1.4076496538084478e-24
1.0575484569979796e-24
1.2581845812742233e-24
1.2328519443629566e-24
1.2355050614697747e-24
1.1591298563029993e-24
1.0608492060678518e-24
1.4619186896435622e-24
1.1988930659202408e-24
1.1781536354736552e-24
1.133470680930817e-24
9.605293027665462e-25
1.3265909759426559e-24
1.094194822602734e-24
1.3491624905700836e-24
1.3852407169177598e-24
1.1045555912530006e-24
1.5832603152525636e-24
8.687982484436443e-25
1.2722237081037131e-24
1.273714326975214e-24
1.2851791814281661e-24
1.3344427968451585e-24
1.1093329676715722e-24
1.0130176555295063e-24
1.8943828212991523e-24
1.277956308944209e-24
1.2014089579530734e-24
1.1178883835290284e-24
1.0490396008842926e-24
1.1223096525610923e-24
1.4906514692928403e-24
1.2631903175116568e-24
1.4924195290517172e-24
1.262183109248405e-24
1.2275916984198383e-24
1.1446784726252934e-24
1.031207460420929e-24
1.3957065953878262e-24
1.1857163982323688e-24
1.4130720240723365e-24
1.1697112469280576e-24
1.0448654168693921e-24
1.3789780052487979e-24
1.2459550778686157e-24
1.182338865899262e-24
1.1301766461091966e-24
1.3923865309562785e-24
1.4621536902071772e-24
1.0837096297804082e-24
1.1601862399763118e-24
1.2568359945435735e-24
1.0472676465711624e-24
1.1103998755258551e-24
1.3756274233016094e-24
1.2421568072972505e-24
1.0954769902502187e-24
1.322554947768411e-24
1.2056456082074476e-24
1.2262998317036902e-24
9.50336841053223e-25
1.3012364070419216e-24
1.1791075135623518e-24
1.2671845414617298e-24
1.2610275471629702e-24
1.235898125380375e-24
1.2044667150232368e-24
1.067747269515678e-24
1.2314189179340626e-24
1.04153915939483e-24
1.1632779208762178e-24
1.049662016334523e-24
1.7136704695045723e-24
1.1622468652757714e-24
1.064522166936985e-24
1.6190460041693689e-24
1.274480469930208e-24
1.1312103000488965e-24
1.1323828901527193e-24
1.2636407267347852e-24
1.1573393041220757e-24
1.4434845862474373e-24
1.1549061330028788e-24
1.3745247901645852e-24
1.6014007083423296e-24
1.0906259983941772e-24
1.0375011608297775e-24
1.729471119868122e-24
1.0846658957685978e-24
1.59422430025402e-24
1.1085664596205577e-24
1.1927748605078023e-24
1.1348884599825873e-24
1.1854933134463183e-24
1.640313787474059e-24
1.129741994845955e-24
1.1800738815651709e-24
1.5666644911891595e-24
1.0336676272863596e-24
1.3601010656217093e-24
1.2242295277303183e-24
1.1836504818834118e-24
1.321222521090536e-24
1.1377936053335461e-24
1.0947492656689003e-24
1.3307614657793205e-24
1.3541446505424404e-24
1.1360948814651129e-24
1.1518028993185836e-24
1.3465751397105148e-24
1.1641786844895724e-24
1.372542943952452e-24
1.2134831153755593e-24
1.2936674244025083e-24
1.4242566732645784e-24
1.178171380691636e-24
1.138294599650157e-24
1.2200706743198507e-24
1.1393588291500844e-24
1.3853077997275894e-24
1.222444152281534e-24
1.1722022886415032e-24
1.2515832460021287e-24
1.1280682036131821e-24
1.2848118745986683e-24
1.116313562307641e-24
1.196607304241548e-24
1.3105841887463977e-24
1.222163528183178e-24
1.2292293597704267e-24
1.3275728664044461e-24
1.1914633968109097e-24
1.3908304313630641e-24
1.3831950167006656e-24
9.916361810538835e-25
1.2506392908677026e-24
1.4857255633854009e-24
9.991444884463679e-25
1.4105423247788719e-24
1.1539612460626266e-24
1.2417148981777322e-24
1.063806725407661e-24
1.297677433898202e-24
1.4700787004902084e-24
1.256288478765477e-24
1.3586094002801506e-24
1.176456498039699e-24
1.1081735895255865e-24
1.2648496339467112e-24
1.317603248541995e-24
1.4017713979934422e-24
1.331538201889685e-24
8.872284912618256e-25
1.7978957023346445e-24
1.2412291677702785e-24
1.1991463408259246e-24
1.3345944819285994e-24
1.23712727200697e-24
1.1361361549716024e-24
1.3591945626994109e-24
1.1220727623897257e-24
1.2556759216289248e-24
1.0187680734714659e-24
1.3707216186311589e-24
1.0153607239588607e-24
1.4774363182250746e-24
9.865466203353071e-25
1.2025682655426347e-24
1.2632163294539319e-24
1.1153105488984364e-24
1.216509335769042e-24
1.715567868009689e-24
1.1960043088660191e-24
1.2117205328079804e-24
1.2689126604870333e-24
1.2399760933513295e-24
1.3706768293304488e-24
1.092640070390504e-24
1.2805444448151827e-24
1.1073921810988279e-24
1.863323570645968e-24
9.752066866975751e-25
1.0305754769660573e-24
1.6530955288310627e-24
1.2796723261228424e-24
1.0996370451000218e-24
1.2342495478412913e-24
1.1854856158633287e-24
1.3345731943011599e-24
1.1317235431487916e-24
9.868043903082452e-25
1.9387354461569156e-24
1.1589445417899824e-24
1.4001333443362357e-24
1.3138011177137189e-24
1.1732015316294282e-24
1.1143245403250081e-24
1.5848707616616477e-24
1.0435539240811785e-24
9.740063138166007e-25
1.2697409264326055e-24
1.486356286580037e-24
1.1173276890362689e-24
1.1948225843040837e-24
1.6280242707261038e-24
1.0578230977748916e-24
1.2137720839451604e-24
1.1850085920192356e-24
1.3089385827733202e-24
1.0083721799131523e-24
1.163032214682035e-24
1.409884648531309e-24
1.3751680431185752e-24
1.0908379061469375e-24
1.145975838589397e-24
1.3834843555120576e-24
1.1749751969519856e-24
1.1751416397813007e-24
1.2711891823109847e-24
1.0599809357868804e-24
1.3093488732894879e-24
1.0869791160918744e-24
1.1290600183541329e-24
1.5414354284577918e-24
1.0079371138293088e-24
1.288117429973355e-24
1.2610046342871398e-24
1.1270953882522425e-24
1.3011805325690874e-24
1.2669557663737182e-24
1.2933723554020555e-24
1.0799949201834063e-24
1.5648597992549965e-24
1.0825618879999224e-24
1.4227878642090334e-24
1.0394019936804029e-24
1.2263386163668327e-24
1.482073183390755e-24
1.1081037690116191e-24
1.104041881781541e-24
1.2535688312148553e-24
1.1562106826420824e-24
1.126369619318318e-24
1.529039228673533e-24
1.1323221942904202e-24
1.3693706969483387e-24
1.0600244041555675e-24
1.365921461739872e-24
1.2202804680634418e-24
1.4545172731889927e-24
1.1845864520198444e-24
1.1944145835353511e-24
1.5147788061609033e-24
1.0397393880750463e-24
1.1715335389205612e-24
1.2496988778626149e-24
1.1031484646291648e-24
1.4488799559528859e-24
1.14897500600912e-24
1.0964078890181465e-24
1.2359202973031446e-24
1.0947062292845952e-24
1.3840618123392421e-24
1.2174731248887183e-24
1.1215595874835024e-24
1.7630652740869564e-24
9.521495787206162e-25
1.3188399261215246e-24
1.4439904764127746e-24
9.459214720221495e-25
1.7651785057161652e-24
1.1096184627407092e-24
1.2159289681738123e-24
1.174849027159085e-24
1.1761338270024171e-24
1.231809633601722e-24
1.344267319852924e-24
1.2716181112118363e-24
1.2978376470044526e-24
1.2591273441884422e-24
1.1273130969389588e-24
1.4095744745219238e-24
1.2492222682147629e-24
1.257471948281929e-24
1.4116204120960779e-24
1.0422817692790564e-24
1.3132281981063984e-24
1.1376954459464247e-24
1.1685274997940314e-24
1.0952005653953158e-24
1.2689469634618048e-24
1.3890408215430353e-24
1.106823439374193e-24
1.5266710167359791e-24
9.108147442804446e-25
1.397946266950624e-24
1.0754315090653403e-24
1.1251637631560293e-24
1.3362652244564611e-24
1.2855814409541438e-24
1.0030412894748556e-24
1.1110617545751695e-24
1.3718747049846074e-24
1.2693618797141197e-24
1.1407283651072847e-24
1.5545112296616937e-24
1.1043465015178656e-24
1.1573040045431624e-24
1.4422968271100966e-24
1.1256859964551444e-24
1.6516557153004252e-24
1.1489081717525058e-24
1.502339221190678e-24
1.147019073476321e-24
1.0151798317780564e-24
1.6466093566771665e-24
9.37620465903681e-25
1.2501081132833197e-24
1.4130975185419982e-24
1.4514248272447638e-24
9.266772316131002e-25
1.3932618125493182e-24
1.372366506680051e-24
1.1394077811071401e-24
1.1780758697434491e-24
1.3340270777141254e-24
1.1494990805553112e-24
1.1541424706586805e-24
1.8379614395679186e-24
1.012774781028211e-24
2.1632400990197186e-24
1.0781959360037212e-24
1.658483304376382e-24
9.506567348551685e-25
1.437711927646803e-24
1.2183784202826288e-24
1.0598666472234249e-24
1.0559855225467803e-24
1.4765259873344344e-24
1.2255382708523208e-24
1.7945664854868866e-24
1.2597050221093162e-24
1.233516211281177e-24
1.184181299285194e-24
1.730543520105168e-24
1.069880575237243e-24
1.0333322380059188e-24
1.873088914616719e-24
1.0040291935009408e-24
1.1555868517523067e-24
1.2236393303828978e-24
1.3966247025564185e-24
1.3142753858197342e-24
1.0790489787951463e-24
1.883225225974447e-24
8.737816627893002e-25
1.2684404930613051e-24
1.5061400571715677e-24
1.099635968735493e-24
1.0126446782692796e-24
1.6135841992412843e-24
1.1358715800246015e-24
1.1252538858920757e-24
1.1602509001694515e-24
1.25668104375576e-24
1.3014854974077876e-24
1.423105522661097e-24
1.0608104728629936e-24
9.915016024604858e-25
1.4650852853467679e-24
1.1743865006728235e-24
1.1578690070630282e-24
1.6869853964225115e-24
1.2955585609096316e-24
1.1479984728798064e-24
1.0762180610044103e-24
1.6498319662481855e-24
1.569037037901641e-24
1.2900431599482447e-24
1.575401886172771e-24
9.53964626647763e-25
1.3734778122682785e-24
1.1234070784070931e-24
1.5323947421759547e-24
1.2584208562398465e-24
9.504708755180955e-25
1.497436229209613e-24
1.2154805657202512e-24
1.1440089702851137e-24
1.5381494981787321e-24
8.992734666280745e-25
1.1902056437296532e-24
1.7673291857455282e-24
1.4718427391368773e-24
1.0501836523261214e-24
1.017978006784181e-24
1.5071774730787731e-24
1.4389892753792406e-24
1.2551147220046296e-24
1.0909146090392715e-24
1.3638010179065005e-24
1.266384873291942e-24
1.1641849970070026e-24
1.1436511793602732e-24
1.3004356478739473e-24
1.093508126309359e-24
1.355196451225508e-24
1.813533176880375e-24
1.2461833722181847e-24
1.041672128265863e-24
1.2414239158640418e-24
1.144377348906413e-24
1.3848211305201555e-24
1.1314394243693785e-24
1.5224434049015068e-24
9.870402266418015e-25
1.282807836486401e-24
1.363004724153951e-24
1.1647392274791517e-24
1.413649222347954e-24
1.2239404827738554e-24
1.3066354941433817e-24
1.0098675150989964e-24
1.0231478492976572e-24
1.2481884952993649e-24
1.503711718014472e-24
9.706164259888872e-25
1.280642052003866e-24
1.5478268962611974e-24
9.539548540117716e-25
1.6296706799231547e-24
1.2610887347352318e-24
1.353003424092435e-24
1.1554271580085023e-24
1.310498960178746e-24
1.5958860267803008e-24
8.797412761634421e-25
1.1729079664880432e-24
1.1563281437517998e-24
1.2387600964014085e-24
1.3633179254828945e-24
1.0832963597118225e-24
1.3882422954488579e-24
1.5241048800797385e-24
9.548923582016358e-25
1.3132784890798614e-24
1.5188050941282018e-24
1.336402704295472e-24
1.3982011673016756e-24
1.7979357733787615e-24
1.0352423431045664e-24
1.261902101454593e-24
1.1675986980562804e-24
1.0899448916416193e-24
1.8302990279192277e-24
9.942335038613922e-25
1.1678029006774713e-24
1.2760988303429908e-24
1.3565045051697232e-24
1.280829036968629e-24
9.914509724377026e-25
1.9311088966733672e-24
1.0106443052043905e-24
1.4126414703034597e-24
1.4722793821599208e-24
1.1524112199331902e-24
1.3179764061697355e-24
9.177537888769155e-25
1.3436491769477554e-24
9.863531003286613e-25
1.4397011793910522e-24
1.0602361865660358e-24
1.407110644575602e-24
1.1237879504831802e-24
1.571045534033353e-24
1.1119346801297057e-24
1.2142723162755657e-24
1.372163248862615e-24
1.4639707957302978e-24
1.0923429760797224e-24
1.1868619078378132e-24
1.3118458450081862e-24
1.2257720270292368e-24
1.3940908734663897e-24
1.0720647180746109e-24
1.3989202633003407e-24
1.190492097077136e-24
1.2084621532950703e-24
1.1986275941525917e-24
1.213222847796162e-24
1.0433048290242131e-24
1.0380800595192256e-24
1.4593636025645245e-24
1.4394981483507234e-24
1.416907252534233e-24
8.986817382681231e-25
1.5281097241742349e-24
1.090421857583603e-24
1.5136573097210686e-24
9.06628174036136e-25
1.613767786125685e-24
1.0136024692315256e-24
1.6664712852375948e-24
1.0782000937771229e-24
1.5120360705965017e-24
1.0710821595918138e-24
1.5722277239069246e-24
1.0388495175028177e-24
1.6390009670970438e-24
9.942647307661218e-25
1.2063354706136225e-24
1.1787245645903315e-24
1.31430121583979e-24
1.421274778619021e-24
8.700143816846495e-25
1.7020108559147155e-24
9.881040169751448e-25
1.0064533752238733e-24
1.3612881310040261e-24
1.2738965399544995e-24
1.0245303577687676e-24
1.152952431273189e-24
1.855609889949717e-24
1.3049732286022734e-24
1.2078220271656526e-24
1.2085156786656688e-24
9.212001741872299e-25
1.560279608403596e-24
1.0597985538882536e-24
1.1215428123927322e-24
1.5762032123138351e-24
1.1728100273972335e-24
1.3885387544963825e-24
1.1558263768242191e-24
1.433874177321828e-24
9.837291216464845e-25
1.3568826961579203e-24
1.2130037567787453e-24
1.28753864092683e-24
1.7062150136372747e-24
1.0077839006905422e-24
1.6787013512015184e-24
1.0856560012972479e-24
1.4730405308963136e-24
1.127868248351114e-24
1.3137838819332412e-24
1.1517957492938464e-24
1.5987886823281632e-24
1.1893216974844491e-24
9.303466904221203e-25
1.3245988677250853e-24
1.1024021338140544e-24
1.7130086944388048e-24
9.498075395567275e-25
1.132827706633469e-24
1.3032447999458576e-24
1.5794254867151743e-24
1.0469597665679226e-24
9.982728423813055e-25
2.2894152663152197e-24
9.830003592583447e-25
9.838177652218829e-25
2.004314928299349e-24
1.1615617638263928e-24
1.5539252213473137e-24
1.086324392933894e-24
1.1896085122228719e-24
1.5772115073060958e-24
1.1670796354659204e-24
1.0274835021347118e-24
1.8484017989219898e-24
1.2610808482854152e-24
1.5631923867639036e-24
1.1483173047059895e-24
1.0406951249361509e-24
1.5945124589180318e-24
1.3055261577699807e-24
1.1180563350267199e-24
1.0836043476992276e-24
1.1041233464013632e-24
1.849970731675581e-24
1.0040843360556845e-24
1.1699869752872828e-24
1.2648700613342584e-24
1.0153032292457415e-24
1.513577486017509e-24
1.1155674445002675e-24
1.3051312322037337e-24
1.3366413309340667e-24
1.187807227488186e-24
1.1030820169815688e-24
1.69296962781976e-24
7.946836651901174e-25
1.539795345252688e-24
1.075552947642618e-24
1.4303999057868661e-24
1.4389668785698064e-24
1.0417764959663784e-24
1.088323975955719e-24
9.391267607442713e-25
2.1693767900352313e-24
1.0277089815113723e-24
1.0772202112447636e-24
1.7068277605333505e-24
1.1197544797809456e-24
1.192478675642383e-24
1.7228021911103412e-24
1.0051780019628619e-24
1.259236738423646e-24
1.0679277750917942e-24
1.3563440911663385e-24
1.2708958144176138e-24
1.2533451138799972e-24
1.1897181941173718e-24
1.3385483272682059e-24
1.0574545763014108e-24
1.3244173552053974e-24
9.957873275456846e-25
1.2155844571867982e-24
1.1325647141105612e-24
1.2552977042078018e-24
9.731902138530132e-25
1.2607699900297228e-24
1.0901202949611312e-24
1.462252573302381e-24
9.978577166855638e-25
1.4401137211228759e-24
1.1296603067419546e-24
1.085281315814294e-24
1.3025924203380882e-24
1.37602602736998e-24
1.1770337154876838e-24
1.4211177721707921e-24
1.0445137862454653e-24
1.4877859874866026e-24
1.107570426605034e-24
1.068719475344167e-24
1.3131032003406292e-24
1.2313038370681654e-24
1.4405234233224262e-24
1.2067965279286673e-24
1.0373043421173593e-24
1.3970884099407646e-24
1.2627662974394663e-24
1.2529243718455703e-24
1.1081672566768796e-24
1.0294896612306627e-24
1.0123787476483988e-24
1.1688043457101054e-24
1.536080650939985e-24
1.288507441359295e-24
1.0652836875914855e-24
8.997825934227023e-25
1.7201595914139814e-24
9.778505112974806e-25
1.3010746403787372e-24
1.0496095395266756e-24
1.3500344112476126e-24
1.4913460038475746e-24
1.0843046908711058e-24
1.278942032493922e-24
1.6288494225421324e-24
9.900085074613124e-25
1.4853278119571704e-24
1.1489162219044885e-24
1.1696625483476518e-24
1.0673766067356456e-24
1.669227718521352e-24
1.082393359344473e-24
1.3680421880983588e-24
9.47653368869492e-25
1.0969913805415645e-24
1.083726574155708e-24
1.77596246827641e-24
8.917123403673706e-25
1.703744484291916e-24
9.43121610971204e-25
1.51524282341297e-24
1.0193276839202507e-24
1.1840988845071275e-24
1.8285736366208206e-24
9.971122391673019e-25
1.0713304250394182e-24
1.2257708661974772e-24
1.1769976737305446e-24
1.016596897662312e-24
1.5564390668654083e-24
1.1304729092753173e-24
1.1398988787850093e-24
1.2847720289309958e-24
1.2024872357632773e-24
1.2303316739236503e-24
1.123495341406028e-24
1.083920766844073e-24
1.0445849111393975e-24
1.5604722627411078e-24
1.0159472439628661e-24
1.5748609956722203e-24
8.395940577107944e-25
1.8275205445645354e-24
1.0421268873902301e-24
1.0491965705070521e-24
1.689098745929808e-24
1.1050938970773407e-24
1.0789538828365652e-24
1.2713026206433807e-24
1.194664154360057e-24
9.688923845585712e-25
1.433879159559885e-24
1.8318801410288147e-24
1.0117465261488185e-24
9.935140445007166e-25
1.5573072679547148e-24
1.0627099898043905e-24
1.0651817659722213e-24
1.2932152857865548e-24
1.5484102535595727e-24
1.3217062706533548e-24
1.016934957198174e-24
1.2092349439362332e-24
1.2377911419586615e-24
1.0486319374084906e-24
1.4678260328780207e-24
1.0530687786358734e-24
1.2924595665728011e-24
1.1049726201721641e-24
1.2517271840925755e-24
9.615195703147638e-25
1.6369709272958676e-24
1.0773142459258218e-24
1.183893561180575e-24
1.1637968894750178e-24
1.3928703998792113e-24
1.0066950915634239e-24
1.1397741942948146e-24
1.1592806420490902e-24
1.3837518421069712e-24
1.1730700313485694e-24
1.1513913998873604e-24
1.3910097067523478e-24
1.3144444351821127e-24
9.538666595526623e-25
1.457188944001846e-24
1.566041295665622e-24
8.810817708440566e-25
1.656850895187084e-24
9.621095304198889e-25
1.4152703289983215e-24
1.314754744883311e-24
1.0751614970302444e-24
1.0962338180169794e-24
1.8322942873856593e-24
1.116038242460177e-24
1.4865865869643405e-24
9.14195423154988e-25
1.5763569166272874e-24
1.6860208907427975e-24
1.0193340668226092e-24
1.580346322693274e-24
1.0369370578031555e-24
1.4256684875027997e-24
1.308970070418307e-24
9.028453363072317e-25
1.4148043791826792e-24
1.4986360678228185e-24
1.057484341929682e-24
1.3633328567249479e-24
1.0492793391977824e-24
1.3041363199128379e-24
1.129245894796118e-24
1.6366235785219637e-24
1.2267087023216541e-24
1.1240997799151678e-24
1.2969236455537353e-24
9.877388116330148e-25
1.8342898891087355e-24
9.448318886517548e-25
1.8790624843845323e-24
1.036730274919309e-24
1.1871866973497669e-24
1.2717126475791763e-24
1.5592390327087216e-24
1.1595816626339664e-24
2.0062510746802975e-24
1.1172059584569565e-24
1.5135689841957179e-24
1.1009466279932548e-24
1.8115436103982808e-24
1.0472705013930335e-24
1.3822356292138787e-24
1.1114308798816412e-24
1.083712720615586e-24
2.0433909482680255e-24
1.0970133917223681e-24
1.8329616199171797e-24
1.2442311736852104e-24
1.1173683644409645e-24
1.0265106839227239e-24
1.2549500379817373e-24
1.1722014686321567e-24
1.1737761886876256e-24
1.0566107965630973e-24
1.4266379034113304e-24
1.1602949454974154e-24
1.639161115426104e-24
1.0118116223423388e-24
9.236099581374026e-25
1.5806315558539273e-24
1.1495239266234461e-24
1.3498003304401546e-24
1.1550890634135082e-24
1.219986941609452e-24
1.0296897980401111e-24
1.4328716951732333e-24
1.0582381347194527e-24
1.3604440762354187e-24
1.222277069958327e-24
1.2794763345406004e-24
1.078481793275525e-24
1.3938598300089952e-24
1.0212793791525452e-24
2.2041688328213664e-24
9.467052882871928e-25
1.6680530828527183e-24
9.527177708929933e-25
1.1634098383303355e-24
1.4822036595310074e-24
1.1611501911676436e-24
