5.521822324493417
0.7684502253553748
0.21200914152266334
0.11226413549377993
0.07189570901516797
0.0507526194787859
0.03821790082982968
0.03008490554668655
0.024421747570582655
0.0203324939476576
0.017270042544218562
0.014904501911928129
0.013029894704112963
0.011512945317050426
0.010260419064550488
0.009215464565681246
0.008334046895000542
0.007583057574337373
0.006937474260185937
0.006377685377402054
0.005888880027584987
0.005459349768273488
0.005079613625192169
0.004742022780203272
0.004440353500049356
0.004169501096171469
0.003925247357275236
0.0037040821189674917
0.003503065145432676
0.0033197183129019337
0.0031519407744908137
0.0029979417037315193
0.002856186593771597
0.0027253540907129
0.002604301073146207
0.002492034231925797
0.0023876868078689713
0.0022904994479743587
0.0021998043697511716
0.0021150121976360094
0.00203560096924613
0.0019611069125135706
0.0018910262958920221
0.0018249981049374767
0.0017627759064545567
0.0017040608499353505
0.001648583661877385
0.001596101115388314
0.0015463930059878969
0.0014992595352209374
0.0014545190395537052
0.0014120060129977144
0.0013715693804682275
0.001333070985838578
0.0012963842643809568
0.0012613930740345328
0.0012279906638840892
0.0011960787615175007
0.0011655667636667978
0.0011363710168228137
0.001108414176432931
0.001081624634904064
0.0010559360099952609
0.001031286686337928
0.0010076194037965944
0.0009848808872210005
0.0009630215128475736
0.000941995007218417
0.0009217581750075107
0.0009022706525936755
0.0008834946846070663
0.0008653949210098998
0.0008479382325638828
0.0008310935427859156
0.0008148316747177477
0.0007991252110198532
0.0007839483660724763
0.0007692768689108619
0.0007550878559492744
0.0007413597725619282
0.000728072282689569
0.0007152061857252323
0.0007027433400126072
0.0006906665923582264
0.0006789597130179608
0.0006676073356751724
0.0006565949019728694
0.0006459086102063533
0.0006355121119359395
0.0006253921842014705
0.0006155609406591562
0.0006060071341317264
0.0005967200750068728
0.0005876895939008872
0.0005789060115481113
0.0005703601105441848
0.000562043108874368
0.0005539466351532729
0.000546062705482723
0.0005383837018237482
0.0005309023517751475
0.0005236117096580009
0.0005165051388084705
0.0005095762949923413
0.0005028191108577651
0.0004962277813546496
0.0004897967500497798
0.00048352069627597127
0.00047739452305853997
0.0004714133457617202
0.0004655724814109592
0.00045986743864043965
0.00045429390822801036
0.00044884775417479195
0.00044352500529698795
0.00043832184729344074
0.0004332346152602249
0.0004282597866220586
0.0004233939744557094
0.000418633921178069
0.0004139764925791801
0.0004094186721760348
0.0004049575558686867
0.0004005903468807055
0.0003963143509649304
0.00039212697186080783
0.0003880257069862271
0.00038400814335167013
0.00038007195368203997
0.0003762148927356099
0.00037243479380752193
0.00036872956540788277
0.00036509718810393823
0.00036153571151765107
0.00035804325146996155
0.000354617987262596
0.00035125815909105106
0.00034796206558070704
0.00034472806143980613
0.00034155455522309855
0.00033844000719889113
0.00033538292731631484
0.00033238187326520074
0.0003294354486251584
0.0003265423010986168
0.0003237011208233921
0.00032091063876103966
0.00031816962515686837
0.0003154768880678255
0.0003128312719555274
0.000310231656339781
0.000307676954511383
0.0003051661122995705
0.0003026981068929167
0.00030027194570946626
0.0002978866653149893
0.0002955339135529643
0.00029321150011976725
0.00029092719089912476
0.00028868012728120124
0.00028646947547299206
0.00028429442495929246
0.0002821541879431431
0.00028004799866296494
0.0002779751126793945
0.0002759348061687097
0.00027392637523607904
0.00027194913525368147
0.000270002420224043
0.0002680855821680601
0.00026619799053540194
0.000264339031639746
0.0002625081081128573
0.00026070463838091985
0.0002589280561595843
0.00025717780996879254
0.0002554533626650255
0.0002537541909902612
0.00025207978513928984
0.00025042964834100847
0.00024880329645579315
0.00024720025758771244
0.00024562007170982986
0.0002440622903042167
0.00024252647601287762
0.0002410122023029241
0.0002395190531427758
0.00023804662268924156
0.00023659451498614134
0.0002351623436731135
0.00023374973170471817
0.00023235631107887048
0.00023098172257422672
0.00022962561549774225
0.00022828764743920235
0.0002269674840347483
0.00022566479873882233
0.00022437927260254386
0.0002231105940605089
0.00022185845872366633
0.00022062256917972686
0.00021940263479981465
0.00021819837155123885
0.00021700950181671272
0.00021583575421875616
0.00021467686345036908
0.00021353257011060548
0.00021240262054573854
0.0002112867666951525
0.00021018476594209922
0.0002090963809696992
0.0002080213796199311
0.0002069595347589106
0.00020591062414485983
0.0002048744303009455
0.00020385074039126245
0.0002028393461014897
0.00020184004352235497
0.00020085263303711628
0.00019987691921195724
0.0001989127106905785
0.00019795982009036632
0.00019701806390321248
0.00019608726239809225
0.00019516723952777196
0.00019425782283625983
0.0001933588433714001
0.0001924701355975193
0.00019159153731300378
0.00019072288956807577
0.00018986403658610633
0.0001890148256875284
0.0001881751072144797
0.00018734473445897063
0.00018652356359215406
0.00018571145359626
0.00018490826619789463
0.00018411386580316274
0.00018332811943532867
0.00018255089667336432
0.00018178206959220346
0.00018102151270524812
0.000180269102908465
0.00017952471942468985
0.00017878824375090418
0.00017805955960654553
0.00017733855288282646
0.00017662511159324658
0.00017591912582652012
0.00017522048769951374
0.00017452909131212928
0.00017384483270277797
0.00017316760980609216
0.00017249732241039447
0.0001718338721171002
0.0001711771623012519
0.0001705270980725716
0.00016988055063309033
0.00016923681930484398
0.00016859943829813218
0.00016796831933419917
0.00016734337565035905
0.00016672452186524024
0.00016611167405152744
0.0001655047497379549
0.00016490366788788572
0.00016430834887133346
0.00016371871443619955
0.00016313468767941615
0.00016255619301885687
0.00016198315616648253
0.00016141550410106616
0.00016085316504297023
0.00016029606842763008
0.0001597441448819377
0.0001591973261987087
0.00015865554531423453
0.00015811873628419256
0.0001575868342614443
0.00015705977547409081
0.00015653749720377842
0.00015601993776465475
0.00015550703648304102
0.00015499873367706254
0.00015449497063726195
0.00015399568960771572
0.00015350083376680816
0.0001530103472091224
0.00015252417492816832
0.00015204226279810716
0.00015156455755711395
0.00015109100679075094
0.00015062155891583292
0.0001501561631640512
0.00014969476956671268
0.0001492373289395321
0.00014878379286783897
0.00014833411369170375
0.00014788824449197733
0.00014744613907656485
0.0001470077519664161
0.00014657303838212034
0.00014614195423174616
0.00014571445609713775
0.00014529050122189468
0.0001448700474993583
0.00014445305346038877
0.00014403947826152497
0.00014362928167429952
0.00014322242407312138
0.00014281886642536352
0.0001424185702795144
0.00014202149775575167
0.00014162761153504338
0.0001412368748493221
0.00014084925147170822
0.00014046470570662083
0.00014008320238075952
0.0001397047068333355
0.0001393291849078556
0.00013895660294215405
0.00013858692776093994
0.00013822012666616225
0.00013785616742946437
0.00013749501828384195
0.0001371366479155532
0.00013678102545638336
0.00013642812047575138
0.00013607790297370695
0.0001357303433730562
0.00013538541251231325
0.0001350430816389444
0.00013470332240180424
0.00013436610684502279
0.00013403140740092832
0.00013369919688345207
0.00013336944848221354
0.00013304213575575808
0.00013271723262553488
0.00013239471337017178
0.0001320745526191218
0.00013175672534704465
0.0001314412068683301
0.00013112797283114456
0.00013081699921229997
0.00013050826231151118
0.00013020173874668113
0.0001298974054481952
0.00012959523965423844
0.00012929521890555395
0.00012899732104065302
0.00012870152419140372
0.00012840780677740324
0.00012811614750272762
0.00012782652535011388
0.0001275389195771919
0.0001272533097122804
0.00012696967554948763
0.00012668799714525973
0.0001264082548136702
0.00012613042912252412
0.00012585450088970035
0.0001255804511790088
0.0001253082612962798
0.00012503791278574357
0.0001247693874265851
0.0001245026672287368
0.00012423773442976705
0.0001239745714914823
0.00012371316109615132
0.00012345348614332531
0.00012319552974640764
0.00012293927522969385
0.00012268470612498115
0.00012243180616841517
0.0001221805592973429
0.0001219309496476441
0.0001216829615502039
0.00012143657952884242
0.00012119178829638569
0.00012094857275267394
0.000120706917981457
0.00012046680924770728
0.0001202282319951079
0.0001199911718429517
0.00011975561458428554
0.00011952154618287684
0.00011928895277064126
0.00011905782064574042
0.00011882813626944525
0.00011859988626441316
0.00011837305741198485
0.00011814763665008398
0.00011792361107070626
0.00011770096791811153
0.00011747969458636697
0.0001172597786172367
0.00011704120769794926
0.00011682396965952175
0.00011660805247467911
0.00011639344425523652
0.00011618013325079756
0.00011596810784670104
0.00011575735656183064
0.00011554786804706008
0.00011533963108321988
0.00011513223533522302
0.00011492320050183686
0.00011471537630828136
0.00011450875207987357
0.00011430331730890348
0.00011409906153246189
0.00011389597438656195
0.00011369404562005751
0.00011349326509725458
0.00011329362279649237
0.00011309510880867514
0.00011289771333595972
0.00011270142669007527
0.0001125062392908394
0.00011231214166474439
0.0001121191244434586
0.00011192717836291805
0.0001117362942611819
0.00011154646307762593
0.00011135767585135052
0.00011116992372010138
0.0001109831979184099
0.00011079748977715953
0.00011061279072141729
0.00011042909226980375
0.00011024638603276682
0.00011006466371211199
0.00010988391709906407
0.00010970413807323975
0.00010952531860204814
0.00010934745073887485
0.0001091705266222913
0.00010899453847471018
0.0001088194786019949
0.00010864533939121778
0.00010847211331072426
0.00010829979290852134
0.00010812837081131272
0.00010795783972364536
0.00010778819242673826
0.00010761942177762568
0.00010745152070819894
0.00010728448222414011
0.0001071182994041203
0.00010695296539885167
0.00010678847343009058
0.00010662481678975018
0.00010646198883932138
0.0001062999830086304
0.000106138792794919
0.00010597841176253315
0.00010581883354145994
0.00010566005182713373
0.00010550206037897234
0.00010534485302028472
0.00010518842363663046
0.0001050327661760261
0.00010487787464742334
0.00010472374312028503
0.00010457036572370213
0.00010441773664601108
0.0001042658501335722
0.00010411470049044951
0.0001039642820775033
0.00010381458931168546
0.0001036656166657459
0.00010351735866692367
0.00010336980989695685
0.00010322296499072038
0.00010307681863633313
0.00010293136557384337
0.00010278660059526208
0.00010264251854332317
0.00010249911431146647
0.0001023563828424936
0.00010221431912893536
0.00010207291821150944
0.00010193217517934344
0.00010179208516890665
0.00010165264336362516
0.00010151384499321623
0.00010137568533354233
0.00010123815970547519
0.00010110126347475824
0.00010096499205154972
0.00010082934088954414
0.00010069430548580439
0.00010055988138033052
0.00010042606415483248
0.00010029284943327828
0.00010016023288094763
0.00010002821020351281
9.989677714744796e-05
9.976592949874156e-05
9.963566308319114e-05
9.950597376510902e-05
9.937685744801392e-05
9.924831007280838e-05
9.912032761851539e-05
9.899290610146063e-05
9.886604157431844e-05
9.873973012680524e-05
9.861396788424694e-05
9.848875100772036e-05
9.836407569333978e-05
9.823993817233919e-05
9.81163347099866e-05
9.79932616060145e-05
9.787071519362027e-05
9.77486918391108e-05
9.762718794208792e-05
9.750619993451257e-05
9.738572428056366e-05
9.726575747628757e-05
9.714629604922124e-05
9.702733655816211e-05
9.690887559241993e-05
9.679090977219742e-05
9.667343574762382e-05
9.655645019872897e-05
9.643994983481153e-05
9.632393139473225e-05
9.620839164577082e-05
9.609332738430728e-05
9.597873543448098e-05
9.586461264857554e-05
9.57509559066617e-05
9.563776211574431e-05
9.55250282103047e-05
9.541275115132436e-05
9.530092792650745e-05
9.518955554940714e-05
9.507863105997398e-05
9.496815152324515e-05
9.485811403021892e-05
9.474851569646041e-05
9.463935366284688e-05
9.453062509448359e-05
9.442232718100646e-05
9.43144571359493e-05
9.420701219691548e-05
9.409998962487288e-05
9.399338670432131e-05
9.388720074246767e-05
9.378142906974279e-05
9.367606903898306e-05
9.357111802549613e-05
9.346657342678201e-05
9.336243266197431e-05
9.32586931721143e-05
9.315535241986382e-05
9.305240788873752e-05
9.294985708352162e-05
9.284769752985725e-05
9.274592677391918e-05
9.264454238218626e-05
9.254354194148286e-05
9.244292305847377e-05
9.234268335962287e-05
9.224282049112119e-05
9.214333211829096e-05
9.204421592594832e-05
9.194546961752606e-05
9.184709091566836e-05
9.174907756126334e-05
9.165142731386961e-05
9.155413795116179e-05
9.145720726898036e-05
9.136063308084384e-05
9.126441321838622e-05
9.11685455301866e-05
9.107302788281288e-05
9.097785815948541e-05
9.088303426074672e-05
9.07885541037638e-05
9.06944156226933e-05
9.060061676799329e-05
9.050715550633633e-05
9.041402982096896e-05
9.032123771089556e-05
9.02287771910382e-05
9.0136646292117e-05
9.004484306048624e-05
8.995336555766705e-05
8.986221186075278e-05
8.977138006182689e-05
8.968086826791046e-05
8.959067460081714e-05
8.950079719726058e-05
8.941123420842045e-05
8.932198379972549e-05
8.923304415111487e-05
8.914441345650966e-05
8.905608992381592e-05
8.89680717751062e-05
8.888035724571926e-05
8.879294458494845e-05
8.870583205545009e-05
8.861901793336446e-05
8.853250050769863e-05
8.84462780810169e-05
8.836034896852344e-05
8.82747114986011e-05
8.81893640118752e-05
8.810430486210053e-05
8.801953241512268e-05
8.793504504947063e-05
8.785084115594925e-05
8.776691913712339e-05
8.768327740801695e-05
8.759991439549799e-05
8.751682853804554e-05
8.743401828602655e-05
8.735148210151853e-05
8.72692184577155e-05
8.718722583948739e-05
8.710550274293783e-05
8.702404767530091e-05
8.694285915500449e-05
8.686193571135465e-05
8.678127588454952e-05
8.67008782255076e-05
8.661906190888398e-05
8.653740424964938e-05
8.645600184632489e-05
8.637485332999573e-05
8.62939573187679e-05
8.62133124327283e-05
8.613291730050782e-05
8.60527705610021e-05
8.59728708630887e-05
8.589321686588473e-05
8.581380723799726e-05
8.573464065793189e-05
8.565571581392962e-05
8.557703140366993e-05
8.549858613447424e-05
8.542037872289569e-05
8.534240789497632e-05
8.52646723859685e-05
8.518717094041366e-05
8.510990231180553e-05
8.503286526283341e-05
8.495605856480996e-05
8.487948099839325e-05
8.480313135251383e-05
8.472700842524626e-05
8.465111102295667e-05
8.457543796068784e-05
8.449998806192176e-05
8.442476015871644e-05
8.434975309113256e-05
8.427496570774602e-05
8.420039686532539e-05
8.41260454284831e-05
8.405191027017084e-05
8.397799027116117e-05
8.390428432005513e-05
8.383079131359111e-05
8.375751015584344e-05
8.368443975887232e-05
8.36115790423376e-05
8.353892693339885e-05
8.346648236685257e-05
8.339424428465314e-05
8.332221163634018e-05
8.32503833788977e-05
8.317875847614328e-05
8.310733589939493e-05
8.303611462714581e-05
8.296509364472651e-05
8.289427194458986e-05
8.282364852616043e-05
8.275322239555409e-05
8.268299256607503e-05
8.261295805736146e-05
8.254311789623402e-05
8.247347111572111e-05
8.240401675581316e-05
8.233475386275453e-05
8.226568148953181e-05
8.219679869540728e-05
8.212810454603983e-05
8.205959811341215e-05
8.199127847591428e-05
8.192314471803621e-05
8.185519593041165e-05
8.17874312099818e-05
8.171984965939022e-05
8.165245038778043e-05
8.158523250988781e-05
8.151819514653493e-05
8.145133742438322e-05
8.138465847589949e-05
8.131815743935669e-05
8.12518334588521e-05
8.118568568386417e-05
8.111971326977876e-05
8.105391537754099e-05
8.09882911736011e-05
8.092283982982272e-05
8.085756052370586e-05
8.079245243789269e-05
8.072751476067906e-05
8.066274668551628e-05
8.059814741110528e-05
8.053371614156114e-05
8.046945208601706e-05
8.0405354458771e-05
8.03414224794865e-05
8.027765537249537e-05
8.021405236743998e-05
8.015061269887629e-05
8.008733560612147e-05
8.002422033386798e-05
7.996126613121235e-05
7.98984722523106e-05
7.983583795609347e-05
7.977336250610913e-05
7.971104517090738e-05
7.964888522339309e-05
7.958688194126574e-05
7.95250346068662e-05
7.946334250703517e-05
7.94018049331638e-05
7.934042118127862e-05
7.927919055153645e-05
7.921811234890766e-05
7.91571858824276e-05
7.909641046585342e-05
7.90357854167673e-05
7.897531005754021e-05
7.891498371448991e-05
7.885480571837317e-05
7.879477540375668e-05
7.87348921099247e-05
7.867515517979587e-05
7.861556396056124e-05
7.855611780372051e-05
7.849681606437448e-05
7.843765810177107e-05
7.837864327929938e-05
7.831977096417906e-05
7.826104052752902e-05
7.820245134429457e-05
7.814400279330128e-05
7.808569425731664e-05
7.802752512267373e-05
7.796949477969486e-05
7.79116026222609e-05
7.785384804800757e-05
7.779623045831484e-05
7.7738749258254e-05
7.768140385618236e-05
7.76241936645384e-05
7.756711809888679e-05
7.751017657856116e-05
7.745336852656548e-05
7.739669336891276e-05
7.73401505356175e-05
7.728373945967224e-05
7.72274595777753e-05
7.717131032980936e-05
7.711529115921913e-05
7.705940151262145e-05
7.700364084003445e-05
7.694800859475693e-05
7.689250423315021e-05
7.683712721508646e-05
7.678187700347463e-05
7.672675306447345e-05
7.667175486738583e-05
7.661688188471263e-05
7.656213359201323e-05
7.65075094678813e-05
7.645300899408343e-05
7.639863165537e-05
7.634437693961888e-05
7.629024433764716e-05
7.623623334307469e-05
7.618234345278674e-05
7.612857416643797e-05
7.607492498664883e-05
7.602139541890321e-05
7.59679849716434e-05
7.591469315589381e-05
7.586151948589459e-05
7.58084634783869e-05
7.575552465314623e-05
7.570270253249529e-05
7.564999664172166e-05
7.559740650871993e-05
7.554493166406176e-05
7.549257164109236e-05
7.544032597577744e-05
7.538819420679372e-05
7.533617587533593e-05
7.528427052551514e-05
7.523247770360373e-05
7.518079695884514e-05
7.512922784269652e-05
7.507776990949319e-05
7.502642271584124e-05
7.497518582086193e-05
7.492405878648636e-05
7.487304117666867e-05
7.482213255813436e-05
7.477133249996244e-05
7.472064057348778e-05
7.467005635268172e-05
7.461957941383782e-05
7.456920933549152e-05
7.451894569864707e-05
7.446878808666958e-05
7.441873608522416e-05
7.436878928206922e-05
7.431894726763386e-05
7.426920963418782e-05
7.421957597666865e-05
7.417004589196161e-05
7.412061897935371e-05
7.407129484028661e-05
7.40220730782053e-05
7.39729532989674e-05
7.392393511062476e-05
7.387501812311533e-05
7.38262019488224e-05
7.377748620196085e-05
7.372887049898241e-05
7.368035445858037e-05
7.363193770129727e-05
7.358361984976299e-05
7.353540052864095e-05
7.348727936480502e-05
7.343925598701337e-05
7.339133002589733e-05
7.334350111447449e-05
7.329576888724735e-05
7.324813298107327e-05
7.320059303457176e-05
7.315314868825971e-05
7.310579958479982e-05
7.30585453685989e-05
7.301138568584034e-05
7.296432018488302e-05
7.29173485158634e-05
7.287047033056091e-05
7.282368528288676e-05
7.277699302845449e-05
7.273039322479489e-05
7.268388553098003e-05
7.263746960822237e-05
7.25911451193333e-05
7.254491172907053e-05
7.249876910354596e-05
7.245271691116553e-05
7.240675482166826e-05
7.236088250682768e-05
7.231509963972396e-05
7.226940589552595e-05
7.222380095094183e-05
7.217828448448289e-05
7.213285617608778e-05
7.208751570758912e-05
7.204226276240259e-05
7.199709702538689e-05
7.195201818339295e-05
7.190702592456538e-05
7.186211993888475e-05
7.181729991785393e-05
7.177256555440241e-05
7.17279165433679e-05
7.168335258073571e-05
7.163887336447047e-05
7.159447859377242e-05
7.155016796949132e-05
7.15059411940583e-05
7.146179797128376e-05
7.14177380066587e-05
7.13737610069546e-05
7.132986668061402e-05
7.128605473746816e-05
7.124232488881311e-05
7.119867684745416e-05
7.115511032764255e-05
7.111162504509675e-05
7.106822071669838e-05
7.102489706115483e-05
7.098165379827324e-05
7.093849064943213e-05
7.089540733740116e-05
7.085240358621019e-05
7.080947912133365e-05
7.076663366971425e-05
7.07238669594919e-05
7.068117872024807e-05
7.063856868282022e-05
7.059603657956273e-05
7.055358214396121e-05
7.051120511082053e-05
7.046890521647569e-05
7.042668219824632e-05
7.038453579508623e-05
7.03424657469376e-05
7.030047179503083e-05
7.02585536821841e-05
7.021671115219728e-05
7.017494395006789e-05
7.013325182224066e-05
7.009163451626828e-05
7.005009178107929e-05
7.000862336651966e-05
6.996722902393129e-05
6.992590850589408e-05
6.988466156592602e-05
6.984348795885587e-05
6.980238744086549e-05
6.976135976895901e-05
6.972040470170444e-05
6.967952199852829e-05
6.963871142014691e-05
6.959797272841388e-05
6.955730568631702e-05
6.95167100580052e-05
6.947618560863492e-05
6.943573210461296e-05
6.939534931335006e-05
6.935503700357958e-05
6.931479494486759e-05
6.927462290797359e-05
6.923452066473734e-05
6.91944879881813e-05
6.915452465231978e-05
6.911463043207777e-05
6.907480510376019e-05
6.903504844452181e-05
6.899536023261223e-05
6.89557402471635e-05
6.891618826873075e-05
6.887670407843108e-05
6.88372874587595e-05
6.879793819301432e-05
6.875865606567306e-05
6.871944086200419e-05
6.868029236857821e-05
6.864121037260671e-05
6.860219466251104e-05
6.856324502783563e-05
6.852436125855604e-05
6.848554314614292e-05
6.844679048291189e-05
6.840810306206924e-05
6.836931199858586e-05
6.832975049329933e-05
6.829025306759067e-05
6.825081946287034e-05
6.821144949039234e-05
6.81721429533646e-05
6.813289965432526e-05
6.809371939637686e-05
6.805460198355862e-05
6.801554722073748e-05
6.797655491414906e-05
6.79376248705399e-05
6.789875689756474e-05
6.785995080387605e-05
6.782120639898217e-05
6.778252349328175e-05
6.774390189784596e-05
6.770534142481219e-05
6.766684188721581e-05
6.762840309881032e-05
6.759002487428497e-05
6.755170702913094e-05
6.751344937968943e-05
6.747525174323308e-05
6.743711393764293e-05
6.739903578197974e-05
6.736101709577439e-05
6.732305769955601e-05
6.728515741468352e-05
6.72473160633119e-05
6.720953346817479e-05
6.717180945313385e-05
6.713414384280542e-05
6.709653646230681e-05
6.705898713773034e-05
6.702149569607847e-05
6.698406196500854e-05
6.69466857727881e-05
6.690936694875084e-05
6.687210532275259e-05
6.683490072552968e-05
6.67977529885635e-05
6.676066194398223e-05
6.672362742486611e-05
6.668664926488795e-05
6.664972729833326e-05
6.661286136060622e-05
6.65760512875434e-05
6.653929691564887e-05
6.650259808222865e-05
6.646595462557163e-05
6.642936638425851e-05
6.639283319786857e-05
6.635635490646163e-05
6.631993135105521e-05
6.628356237316965e-05
6.624724781501093e-05
6.621098751966132e-05
6.617478133082534e-05
6.613862909252206e-05
6.610253065004636e-05
6.606648584895224e-05
6.60304945355188e-05
6.599455655692654e-05
6.595867176079216e-05
6.59228399952944e-05
6.588706110963827e-05
6.585133495322742e-05
6.581566137652232e-05
6.578004023033459e-05
6.574447136634578e-05
6.570895463669284e-05
6.567348989422003e-05
6.563807699237851e-05
6.560271578529459e-05
6.556740612749057e-05
6.553214787456465e-05
6.549694088232311e-05
6.546178500739737e-05
6.542668010685978e-05
6.53916260384581e-05
6.535662266073256e-05
6.532166983244256e-05
6.528676741338719e-05
6.525191526353373e-05
6.52171132437073e-05
6.518236121531435e-05
6.51476590400959e-05
6.511300658080982e-05
6.507840370022452e-05
6.504385026211376e-05
6.500934613089815e-05
6.497489117103251e-05
6.494048524802348e-05
6.490612822776645e-05
6.487181997668251e-05
6.483756036190208e-05
6.480334925095556e-05
6.476918651183476e-05
6.47350720133845e-05
6.470100562467481e-05
6.46669872154747e-05
6.463301665622358e-05
6.459909381762405e-05
6.456521857090578e-05
6.453139078812497e-05
6.449761034171315e-05
6.446387710445914e-05
6.443019094988727e-05
6.439655175190077e-05
6.436295938499041e-05
6.432941372425571e-05
6.429591464511336e-05
6.426246202355227e-05
6.422905573611695e-05
6.419569565977386e-05
6.416238167211911e-05
6.412911365097479e-05
6.409589147517318e-05
6.406271502334618e-05
6.402958417513576e-05
6.39964988105008e-05
6.396345880983877e-05
6.393046405413131e-05
6.389751442468257e-05
6.386460980350292e-05
6.383175007288358e-05
6.379893511564681e-05
6.376616481494915e-05
6.373343905482625e-05
6.370075771922949e-05
6.366812069293709e-05
6.363552786102514e-05
6.36029791091628e-05
6.357047432342303e-05
6.353801339012354e-05
6.350559619642479e-05
6.347322262947015e-05
6.344089257740694e-05
6.34086059281932e-05
6.337636257072053e-05
6.334416239406823e-05
6.331200528780408e-05
6.327989114202205e-05
6.324781984717181e-05
6.321579129403434e-05
6.318380537397464e-05
6.31518619787737e-05
6.311996100041693e-05
6.308810233162722e-05
6.305628586530651e-05
6.30245114948018e-05
6.29927791140572e-05
6.296108861722251e-05
6.292943989893306e-05
6.289783285420641e-05
6.286626737848328e-05
6.283474336761063e-05
6.280326071790769e-05
6.27718193259544e-05
6.274041908875336e-05
6.270905990385392e-05
6.267774166896804e-05
6.264646428237238e-05
6.261522764265289e-05
6.258403164875089e-05
6.255287620018388e-05
6.2521761196606e-05
6.249068653817129e-05
6.245965212543272e-05
6.242865785930252e-05
6.239770364091393e-05
6.236678937209877e-05
6.233591495468997e-05
6.23050802913029e-05
6.227428528447648e-05
6.224352983737632e-05
6.221281385364452e-05
6.218213723689058e-05
6.215149989146127e-05
6.212090172191892e-05
6.20903426331969e-05
6.205982253047371e-05
6.202934131949342e-05
6.199889890611623e-05
6.196849519690174e-05
6.19381300982547e-05
6.190780351728908e-05
6.187751536145324e-05
6.184726553849502e-05
6.181705395626012e-05
6.178688052340464e-05
6.175674514847998e-05
6.172664774052925e-05
6.169658820912155e-05
6.166656646385731e-05
6.163658241495229e-05
6.160663597259692e-05
6.157672704765298e-05
6.15468555511812e-05
6.151702139448471e-05
6.148722448932275e-05
6.145746474772006e-05
6.142774208200699e-05
6.139805640486576e-05
6.136840762927056e-05
6.133879566836323e-05
6.130922043599378e-05
6.127968184607868e-05
6.125017981260807e-05
6.122071425035726e-05
6.119128507405195e-05
6.116189219889509e-05
6.11325355403744e-05
6.110321501422249e-05
6.107393053657273e-05
6.104468202368749e-05
6.101546939227662e-05
6.098629255934866e-05
6.095715144214118e-05
6.0928045958225e-05
6.089897602537621e-05
6.0869941561857415e-05
6.084094248605969e-05
6.081197871677582e-05
6.07830501728153e-05
6.07541567736783e-05
6.072529843891487e-05
6.06964750884299e-05
6.066768664224293e-05
6.063893302083837e-05
6.0610214145090526e-05
6.058152993569659e-05
6.055288031418089e-05
6.052426520199303e-05
6.0495684521041896e-05
6.0467138193298455e-05
6.043862614119144e-05
6.0410148287349955e-05
6.038170455470301e-05
6.035329486641414e-05
6.03249191459659e-05
6.0296577316984264e-05
6.026826930355561e-05
6.02399950298853e-05
6.0211754420445335e-05
6.0183547400046145e-05
6.015537389358084e-05
6.012723382647185e-05
6.009912712427477e-05
6.0071053712701334e-05
6.004301351786381e-05
6.001500646604286e-05
5.998703248378782e-05
5.9959091497852683e-05
5.993118343555478e-05
5.9903308223875966e-05
5.987546579050045e-05
5.98476560632575e-05
5.981987897023499e-05
5.979213443971152e-05
5.976442240021126e-05
5.973674278045681e-05
5.970909550957381e-05
5.968148051673038e-05
5.9653897731562136e-05
5.962634708371501e-05
5.959882850310825e-05
5.9571341920139604e-05
5.954388726510463e-05
5.951646446880086e-05
5.948907346201417e-05
5.946171417606339e-05
5.9434386542210485e-05
5.940709049204579e-05
5.93798259575115e-05
5.935259287056919e-05
5.932539116354473e-05
5.929822076907083e-05
5.9271081619666526e-05
5.92439736484936e-05
5.921689678873446e-05
5.918985097371193e-05
5.9162836137102014e-05
5.913585221262133e-05
5.910889913461319e-05
5.908197683717802e-05
5.905508525487987e-05
5.902822432238083e-05
5.900139397472932e-05
5.8974594146865735e-05
5.8947824774399964e-05
5.8921085792734266e-05
5.8894377137761296e-05
5.886769874550953e-05
5.8841050551972325e-05
5.88144324937807e-05
5.87878445074124e-05
5.8761286529807105e-05
5.873475849796225e-05
5.8708260349052634e-05
5.86817920205176e-05
5.8655353450189886e-05
5.862894457567506e-05
5.8602565335069095e-05
5.857621566671922e-05
5.854989550912989e-05
5.8523604800710824e-05
5.84973434804653e-05
5.8471111487370574e-05
5.84449087607279e-05
5.841873523991883e-05
5.839259086453885e-05
5.836647557444205e-05
5.8340389309747505e-05
5.831433201045454e-05
5.828830361699396e-05
5.8262304070089005e-05
5.8236333310345025e-05
5.821039127892243e-05
5.8184477916769924e-05
5.815859316530796e-05
5.81327369660197e-05
5.810690926057769e-05
5.808110999105929e-05
5.805533909935245e-05
5.80295965277558e-05
5.800388221872942e-05
5.797819611491649e-05
5.7952538158942516e-05
5.792690829411832e-05
5.7901306463225314e-05
5.7875732609983845e-05
5.785018667753412e-05
5.782466860986974e-05
5.779917835063423e-05
5.777371584398662e-05
5.7748281034100705e-05
5.772287386542344e-05
5.7697494282461674e-05
5.7672142229955596e-05
5.764681765275e-05
5.762152049613349e-05
5.759625070511452e-05
5.757100822520115e-05
5.754579300200029e-05
5.752060498118453e-05
5.749544410877764e-05
5.74703103308336e-05
5.744520359356054e-05
5.742012384349026e-05
5.7395071027084064e-05
5.7370045091067566e-05
5.734504598240787e-05
5.732007364817135e-05
5.729512803561732e-05
5.727020909213423e-05
5.724531676521017e-05
5.722045100258929e-05
5.7195611752161275e-05
5.717079896203338e-05
5.714601258025967e-05
5.71212525551859e-05
5.709651883542265e-05
5.707181136954024e-05
5.7047130106337573e-05
5.7022474994854244e-05
5.699784598420382e-05
5.697324302369381e-05
5.694866606261682e-05
5.692411505063058e-05
5.689958993745453e-05
5.6875090673044173e-05
5.685061720731916e-05
5.682616949049867e-05
5.6801747472973715e-05
5.677735110514672e-05
5.675298033762373e-05
5.672863512127299e-05
5.6704315406871564e-05
5.668002114568678e-05
5.665575228876613e-05
5.663150878748313e-05
5.660729059339141e-05
5.658309765809913e-05
5.655892993342837e-05
5.65347873711665e-05
5.651066992362617e-05
5.648657754285807e-05
5.6462510181175236e-05
5.643846779124165e-05
5.641445032552697e-05
5.639045773682786e-05
5.636648997809129e-05
5.634254700231582e-05
5.631862876282836e-05
5.6294735212783015e-05
5.627086630576574e-05
5.62470219951837e-05
5.622320223495676e-05
5.619940697883464e-05
5.617563618091462e-05
5.615188979520956e-05
5.612816777603571e-05
5.610447007784588e-05
5.608079665500382e-05
5.605714746234367e-05
5.603352245464953e-05
5.6009921586665175e-05
5.5986344813613435e-05
5.596279209052045e-05
5.593926337288094e-05
5.591575861601254e-05
5.589227777552096e-05
5.5868820807034294e-05
5.5845387666452614e-05
5.582197830970639e-05
5.579859269279743e-05
5.5775230772003294e-05
5.575189250354217e-05
5.572857784403059e-05
5.5705286749921337e-05
5.568201917784407e-05
5.565877508467967e-05
5.563555442745453e-05
5.5612357163110416e-05
5.558918324893546e-05
5.556603264212388e-05
5.554290530014147e-05
5.55198011805602e-05
5.5496720240909026e-05
5.547366243916378e-05
5.5450627733101786e-05
5.54276160807729e-05
5.540462744037415e-05
5.538166177007422e-05
5.535871902830383e-05
5.533579917343525e-05
5.5312902164282266e-05
5.529002795929633e-05
5.526717651757929e-05
5.5244347797788496e-05
5.522154175932736e-05
5.51987583611788e-05
5.5175997562594e-05
5.5153259323017106e-05
5.513054360203324e-05
5.510785035912032e-05
5.5085179554269956e-05
5.506253114710331e-05
5.503990509766858e-05
5.501730136604626e-05
5.499471991237998e-05
5.497216069701134e-05
5.494962368023723e-05
5.4927108822724226e-05
5.4904616084980295e-05
5.488214542769924e-05
5.485969681183033e-05
5.48372701982236e-05
5.4814865547995284e-05
5.4792482822245157e-05
5.477012198217522e-05
5.4747782989304425e-05
5.472546580504858e-05
5.4703170390899735e-05
5.468089670863549e-05
5.4658644719974054e-05
5.463641438674277e-05
5.461420567106439e-05
5.459201853500818e-05
5.456985294078228e-05
5.4547708850584104e-05
5.452558622685702e-05
5.450348503204847e-05
5.448140522899057e-05
5.445934678008405e-05
5.443730964829323e-05
5.441529379647896e-05
5.439329918763933e-05
5.437132578487841e-05
5.434937355144292e-05
5.432744245050173e-05
5.4305532445631384e-05
5.428364350015703e-05
5.4261775577808446e-05
5.4239928642099586e-05
5.421810265699944e-05
5.419629758626088e-05
5.417451339383408e-05
5.4152750043999e-05
5.413100750067379e-05
5.4109285728173374e-05
5.408758469100751e-05
5.4065904353439504e-05
5.4044244680154365e-05
5.4022605635588974e-05
5.400098718475988e-05
5.3979389292203683e-05
5.395781192303132e-05
5.393625504219045e-05
5.391471861473594e-05
5.3893202605871256e-05
5.387170698086485e-05
5.384986675230274e-05
5.382785601721334e-05
5.380586557507825e-05
5.378389537408822e-05
5.376194538254989e-05
5.3740015567080194e-05
5.3718105894288384e-05
5.369621633078422e-05
5.367434684326105e-05
5.365249739846799e-05
5.36306679634934e-05
5.3608858505140715e-05
5.35870689907527e-05
5.3565299387325145e-05
5.3543549662087065e-05
5.3521819782404786e-05
5.350010971579146e-05
5.347841942963662e-05
5.3456748891579464e-05
5.343509806930812e-05
5.34134669304784e-05
5.339185544312466e-05
5.3370263574961775e-05
5.334869129414918e-05
5.332713856872496e-05
5.3305605366824776e-05
5.3284091656831186e-05
5.326259740693463e-05
5.324112258568788e-05
5.321966716148954e-05
5.319823110296678e-05
5.31768143788161e-05
5.315541695767653e-05
5.313403880845075e-05
5.31126799001132e-05
5.309134020152649e-05
5.307001968187596e-05
5.304871831011951e-05
5.302743605568374e-05
5.300617288782388e-05
5.298492877574771e-05
5.2963703689144905e-05
5.294249759739753e-05
5.292131047019682e-05
5.290014227713584e-05
5.287899298807777e-05
5.285786257288307e-05
5.283675100127176e-05
5.2815658243535696e-05
5.279458426957015e-05
5.277352904952244e-05
5.275249255354321e-05
5.273147475215289e-05
5.2710475615576025e-05
5.268949511423376e-05
5.266853321865833e-05
5.264758989950899e-05
5.262666512737257e-05
5.2605758873041875e-05
5.258487110730949e-05
5.25640018010669e-05
5.254315092530493e-05
5.252231845102994e-05
5.250150434932966e-05
5.248070859129476e-05
5.2459931148381586e-05
5.243917199167326e-05
5.2418431092802025e-05
5.2397708423051666e-05
5.2377003953923245e-05
5.235631765714501e-05
5.233564950437163e-05
5.2314999467302385e-05
5.229436751773856e-05
5.2273753627603945e-05
5.2253157768762534e-05
5.223257991329902e-05
5.2212020033388015e-05
5.2191478100972775e-05
5.217095408841486e-05
5.2150447967999515e-05
5.212995971207798e-05
5.2109489293073206e-05
5.2089036683452895e-05
5.2068601855767416e-05
5.204818478269021e-05
5.20277854369617e-05
5.200740379121117e-05
5.198703981835325e-05
5.1966693491202896e-05
5.194636478282004e-05
5.192605366627713e-05
5.190576011447713e-05
5.1885484100609516e-05
5.186522559802852e-05
5.184498457993661e-05
5.182476101964385e-05
5.180455489068923e-05
5.178436616635507e-05
5.176419482034536e-05
5.174404082619226e-05
5.172390415752104e-05
5.170378478821204e-05
5.168368269188519e-05
5.1663597842431806e-05
5.164353021391653e-05
5.162347978016651e-05
5.160344651525637e-05
5.158343039327786e-05
5.15634313884574e-05
5.154344947491147e-05
5.1523484626990625e-05
5.150353681910764e-05
5.148360602563596e-05
5.1463692220986056e-05
5.1443795379698365e-05
5.142391547639255e-05
5.140405248569237e-05
5.138420638238947e-05
5.1364377141106124e-05
5.134456473686155e-05
5.132476914434524e-05
5.130499033867627e-05
5.128522829466289e-05
5.1265482987570306e-05
5.124575439242649e-05
5.122604248442497e-05
5.120634723880238e-05
5.118666863093146e-05
5.116700663600619e-05
5.114736122951583e-05
5.112773238693596e-05
5.1108120083894216e-05
5.10885242958263e-05
5.106894499835545e-05
5.104938216737192e-05
5.102983577834551e-05
5.101030580732731e-05
5.099079223007236e-05
5.097129502247733e-05
5.095181416069013e-05
5.093234962053426e-05
5.0912901378122766e-05
5.0893469409726355e-05
5.087405369148283e-05
5.085465419957033e-05
5.083527091035603e-05
5.081590380021732e-05
5.079655284556921e-05
5.077721802285226e-05
5.075789930854126e-05
5.073859667924669e-05
5.0719310111702126e-05
5.0700039582413965e-05
5.068078506833863e-05
5.0661546545945296e-05
5.0642323992413946e-05
5.0623117384452845e-05
5.060392669903137e-05
5.0584751913134114e-05
5.056559300382104e-05
5.0546449948213156e-05
5.052732272350203e-05
5.0508211306882126e-05
5.048911567553562e-05
5.047003580682036e-05
5.045097167813305e-05
5.043192326682583e-05
5.0412890550348164e-05
5.039387350627909e-05
5.037487211210085e-05
5.0355886345520614e-05
5.0336916184093287e-05
5.0317961605711e-05
5.0299022587885895e-05
5.0280099108551064e-05
5.02611911456501e-05
5.024229867701196e-05
5.0223421680668367e-05
5.020456013450428e-05
5.018571401661488e-05
5.0166883305169026e-05
5.0148067978305834e-05
5.0129268014239166e-05
5.0110483391142015e-05
5.009171408734958e-05
5.0072960081298877e-05
5.0054221351249185e-05
5.0035497875791665e-05
5.0016789633235294e-05
4.999809660226316e-05
4.997941876151144e-05
4.996075608940321e-05
4.994210856482726e-05
4.99234761664292e-05
4.990485887285001e-05
4.9886256663166194e-05
4.986766951610953e-05
4.984909741054152e-05
4.98305403254854e-05
4.981199824000967e-05
4.979347113304567e-05
4.9774958983771816e-05
4.975646177123235e-05
4.9737979474745534e-05
4.971951207346813e-05
4.970105954666764e-05
4.9682621873697065e-05
4.966419903382091e-05
4.9645791006701115e-05
4.962739777155962e-05
4.960901930803564e-05
4.959065559549074e-05
4.9572306613708075e-05
4.955397234227557e-05
4.953565276083325e-05
4.95173478490857e-05
4.9499057586863455e-05
4.9480781953965114e-05
4.946252093013735e-05
4.9444274495376166e-05
4.9426042629690594e-05
4.940782531282637e-05
4.938962252505769e-05
4.937143424628869e-05
4.935326045667169e-05
4.93351011363603e-05
4.931695626553323e-05
4.929882582449931e-05
4.9280709793503476e-05
4.9262608152713854e-05
4.924452088273963e-05
4.922644796386141e-05
4.9208389376410354e-05
4.9190345101185186e-05
4.917231511835536e-05
4.915429940866481e-05
4.9136297952781125e-05
4.9118310731250605e-05
4.910033772482134e-05
4.908237891416871e-05
4.9064434280090204e-05
4.9046503803421586e-05
4.902858746502469e-05
4.9010685245736585e-05
4.899279712648177e-05
4.897492308828359e-05
4.8957063112221564e-05
4.8939217179175855e-05
4.8921385270405397e-05
4.890356736690959e-05
4.88857634499774e-05
4.8867973500722266e-05
4.8850197500435915e-05
4.883243543037185e-05
4.881468727189574e-05
4.879695300639974e-05
4.877923261523041e-05
4.876152607987819e-05
4.874383338180347e-05
4.872615450253781e-05
4.870848942358705e-05
4.8690838126623615e-05
4.867320059324691e-05
4.865557680500872e-05
4.863796674386477e-05
4.8620370391443663e-05
4.8602787729442615e-05
4.8585218739843726e-05
4.856766340433869e-05
4.8550121704953774e-05
4.853259362364356e-05
4.851507914226832e-05
4.84975782428913e-05
4.8480090907520786e-05
4.846261711829884e-05
4.844515685733193e-05
4.842771010669207e-05
4.8410276848651526e-05
4.839285706546676e-05
4.837545073936758e-05
4.835805785259474e-05
4.8340678387559074e-05
4.8323312326635066e-05
4.8305959652140365e-05
4.828862034662928e-05
4.827129439242497e-05
4.825398177225516e-05
4.8236682468503e-05
4.8219396463852606e-05
4.8202123740761524e-05
4.818486428208925e-05
4.816761807040441e-05
4.81503850885121e-05
4.8133165319124047e-05
4.811595874495569e-05
4.809876534896249e-05
4.8081585113902346e-05
4.806441802281035e-05
4.804726405845781e-05
4.8030123203898444e-05
4.801299544214023e-05
4.7995880756180055e-05
4.79787791290568e-05
4.796169054397524e-05
4.794461498393295e-05
4.7927552432256234e-05
4.791050287194416e-05
4.7893466286385924e-05
4.7876442658909345e-05
4.78594319725842e-05
4.784243421101719e-05
4.782544935725093e-05
4.780847739502288e-05
4.779151830752489e-05
4.777457207836876e-05
4.775763869098353e-05
4.774071812884803e-05
4.772381037570263e-05
4.770691541495727e-05
4.769003323026277e-05
4.767316380542618e-05
4.765630712395195e-05
4.76394631697484e-05
4.762263192637744e-05
4.760581337782521e-05
4.758900750778813e-05
4.7572214300092453e-05
4.7555433738690615e-05
4.7538665807519575e-05
4.7521910490457234e-05
4.7505167771426234e-05
4.748843763458172e-05
4.747172006388363e-05
4.7455015043440566e-05
4.7438322557279154e-05
4.742164258962908e-05
4.740497512457245e-05
4.7388320146399185e-05
4.737167763917892e-05
4.735504758725961e-05
4.733842997493145e-05
4.732182478649951e-05
4.730523200636431e-05
4.72886516188055e-05
4.7272083608248665e-05
4.725552795919209e-05
4.723898465602262e-05
4.722245368328959e-05
4.720593502556172e-05
4.718942866725617e-05
4.717293459305337e-05
4.7156452787534545e-05
4.713998323549653e-05
4.712352592130152e-05
4.710708082999543e-05
4.709064794600579e-05
4.7074227254207365e-05
4.705781873954498e-05
4.7041422386630744e-05
4.702503818035868e-05
4.7008666105760124e-05
4.699230614753518e-05
4.697595829067554e-05
4.695962252015543e-05
4.694329882107191e-05
4.6926987178263794e-05
4.691068757691073e-05
4.689440000201389e-05
4.687812443864727e-05
4.686186087213896e-05
4.684560928747191e-05
4.6829369669824145e-05
4.681314200448832e-05
4.679692627668393e-05
4.678072247168346e-05
4.676453057479991e-05
4.674835057143014e-05
4.673218244674135e-05
4.6716026186259864e-05
4.669988177530335e-05
4.668374919948001e-05
4.666762844402258e-05
4.665151949455691e-05
4.6635422336672656e-05
4.6619336955740716e-05
4.66032633374207e-05
4.658720146737681e-05
4.657115133115422e-05
4.655511291441729e-05
4.653908620285807e-05
4.6523071182119737e-05
4.650706783805803e-05
4.649107615632548e-05
4.647509612274551e-05
4.64591277231724e-05
4.6443170943323755e-05
4.642722576921388e-05
4.641129218665762e-05
4.6395370181567134e-05
4.637945973996779e-05
4.63635608476227e-05
4.634767349081996e-05
4.633179765527753e-05
4.631593332721804e-05
4.630008049275512e-05
4.628423913780612e-05
4.626840924864444e-05
4.625259081145682e-05
4.623678381219809e-05
4.62209882372892e-05
4.620520407286548e-05
4.6189431305149786e-05
4.6173669920397856e-05
4.6157919904970224e-05
4.614218124526734e-05
4.612645392748698e-05
4.611073793812747e-05
4.60950332633782e-05
4.607933988989637e-05
4.606365780412453e-05
4.604798699229829e-05
4.603232744116887e-05
4.60166791371622e-05
4.600104206679644e-05
4.5985416216703356e-05
4.5969801573433287e-05
4.595419812363568e-05
4.593860585382989e-05
4.59230247508908e-05
4.590745480135033e-05
4.5891895992029016e-05
4.587634830960024e-05
4.5860811740839725e-05
4.584528627257988e-05
4.582977189155986e-05
4.581426858468703e-05
4.579877633874888e-05
4.5783295140602853e-05
4.576782497721566e-05
4.575236583562709e-05
4.5736917702560466e-05
4.572148056513709e-05
4.570605441040793e-05
4.569063922519453e-05
4.567523499668386e-05
4.5659841711961555e-05
4.564445935801154e-05
4.5629087922044604e-05
4.561372739115768e-05
4.559837775251266e-05
4.558303899326228e-05
4.55677111006811e-05
4.5552394061951e-05
4.553708786436834e-05
4.552179249510166e-05
4.5506507941632854e-05
4.5491234191004556e-05
4.5475971230857634e-05
4.5460719048307836e-05
4.5445477630918875e-05
4.543024696598551e-05
4.54150270410538e-05
4.539981784337445e-05
4.538461936066058e-05
4.536943158019209e-05
4.535425448968443e-05
4.533908807645625e-05
4.5323932328273123e-05
4.5308787232627496e-05
4.529365277721782e-05
4.527852894953165e-05
4.52634157372529e-05
4.524831312806328e-05
4.5233221109643255e-05
4.5218139669802674e-05
4.520306879615967e-05
4.5188008476465584e-05
4.517295869862791e-05
4.5157919450326295e-05
4.51428907194459e-05
4.512787249377299e-05
4.51128647611035e-05
4.509786750947891e-05
4.508288072681431e-05
4.506790440083605e-05
4.505293851961554e-05
4.503798307115196e-05
4.502303804334913e-05
4.500810342431534e-05
4.499317920200978e-05
4.497826536442792e-05
4.496336189974694e-05
4.4948468796020684e-05
4.493358604136283e-05
4.491871362390088e-05
4.490385153180854e-05
4.488899975317413e-05
4.487415827622567e-05
4.48593270892144e-05
4.48445061804283e-05
4.482969553794443e-05
4.48148951502669e-05
4.480010500545446e-05
4.478532509194129e-05
4.477055539817307e-05
4.4755795912198894e-05
4.474104662272578e-05
4.472630751782399e-05
4.471157858619613e-05
4.4696859816174646e-05
4.4682151196143465e-05
4.466745271460287e-05
4.4652764360106146e-05
4.463808612107657e-05
4.4623417986099925e-05
4.460875994370066e-05
4.4594111982501045e-05
4.457947409099281e-05
4.456484625783386e-05
4.45502284717324e-05
4.453562072118685e-05
4.452102299496998e-05
4.450643528172976e-05
4.44918575701674e-05
4.447728984900645e-05
4.446273210697542e-05
4.4448184332854934e-05
4.443364651539975e-05
4.441911864347548e-05
4.4404600705846695e-05
4.439009269129731e-05
4.437559458882471e-05
4.4361106387093306e-05
4.4346628075239575e-05
4.433215964198686e-05
4.4317701076331005e-05
4.430325236717303e-05
4.428881350361861e-05
4.427438447445065e-05
4.425996526887311e-05
4.424555587575177e-05
4.423115628418219e-05
4.421676648315231e-05
4.4202386461964e-05
4.4188016209413394e-05
4.417365571491129e-05
4.415930496731779e-05
4.414496395593116e-05
4.413063266981313e-05
4.4116311098257e-05
4.410199923042782e-05
4.408769705551436e-05
4.407340456280547e-05
4.405912174147669e-05
4.4044848580885404e-05
4.403058507031668e-05
4.4016331198994716e-05
4.400208695636089e-05
4.398785233160312e-05
4.3973627314264364e-05
4.395941189358351e-05
4.3945206059121474e-05
4.393100980003301e-05
4.3916823105939585e-05
4.390264596630689e-05
4.388847837050608e-05
4.3874320307971045e-05
4.386017176838398e-05
4.3846032741159935e-05
4.383190321568095e-05
4.381778318179169e-05
4.380367262886545e-05
4.378957154654838e-05
4.377547992441507e-05
4.376139775211625e-05
4.3747325019321223e-05
4.373326171558799e-05
4.37192078306283e-05
4.3705163354114065e-05
4.3691128275853676e-05
4.367710258536059e-05
4.3663086272570405e-05
4.36490793271012e-05
4.363508173881163e-05
4.3621093497446325e-05
4.360711459278535e-05
4.359314501474083e-05
4.3579184753055e-05
4.35652337975779e-05
4.355129213828908e-05
4.3537359764922504e-05
4.352343666741668e-05
4.350952283586914e-05
4.3495618259878273e-05
4.348172292970492e-05
4.3467836835125496e-05
4.345395996628242e-05
4.34400923129484e-05
4.342623386535873e-05
4.341238461339362e-05
4.339854454720723e-05
4.338471365678593e-05
4.337089193228652e-05
4.3357079363682135e-05
4.3343275941163746e-05
4.332948165487087e-05
4.331569649487112e-05
4.3301920451385376e-05
4.3288153514534685e-05
4.3274395674543876e-05
4.326064692160532e-05
4.324690724596497e-05
4.323317663781908e-05
4.3219455087442706e-05
4.32057425850677e-05
4.319203912101485e-05
4.317834468560081e-05
4.316465926907449e-05
4.315098286179415e-05
4.313731545405311e-05
4.312365703632493e-05
4.311000759883556e-05
4.309636713212154e-05
4.308273562642035e-05
4.30691130723522e-05
4.305549946013133e-05
4.304189478042829e-05
4.302829902347946e-05
4.30147121799061e-05
4.300113424026557e-05
4.2987565194863046e-05
4.297400503440806e-05
4.296045374933035e-05
4.29469113302161e-05
4.293337776761314e-05
4.2919853052209214e-05
4.2906337174455266e-05
4.289283012497323e-05
4.28793318945395e-05
4.28658424736499e-05
4.2852361852943316e-05
4.2838890023238085e-05
4.282542697510375e-05
4.2811972699319996e-05
4.2798527186487884e-05
4.278509042744757e-05
4.277166241285411e-05
4.27582431335324e-05
4.274483258022833e-05
4.2731430743748485e-05
4.271803761483891e-05
4.270465318433697e-05
4.2691277443124215e-05
4.267791038191576e-05
4.2664551991763025e-05
4.26512022633651e-05
4.263786118769198e-05
4.2624528755623274e-05
4.261120495800459e-05
4.259788978593122e-05
4.2584583230173145e-05
4.257128528177878e-05
4.2557995931647935e-05
4.2544715170922853e-05
4.253144299037012e-05
4.2518179381145864e-05
4.250492433430137e-05
4.2491677840769846e-05
4.247843989167158e-05
4.24652104780593e-05
4.2451989590981456e-05
4.24387772216083e-05
4.242557336099561e-05
4.2412378000242604e-05
4.239919113053888e-05
4.238601274293562e-05
4.2372842828684706e-05
4.235968137892158e-05
4.234652838494742e-05
4.233338383773003e-05
4.232024772870889e-05
4.2307120049048935e-05
4.2294000789880814e-05
4.2280889942556106e-05
4.226778749838446e-05
4.2254693448549294e-05
4.2241607784357366e-05
4.222853049722584e-05
4.22154615783818e-05
4.2202401019119414e-05
4.21893488109311e-05
4.2176304945019964e-05
4.2163269412874716e-05
4.215024220585248e-05
4.2137223315284084e-05
4.212421273271257e-05
4.211121044947156e-05
4.2098216456935644e-05
4.208523074669792e-05
4.207225331016309e-05
4.2059284138802e-05
4.204632322411212e-05
4.2033370557544246e-05
4.20204261307514e-05
4.200748993509022e-05
4.199456196223035e-05
4.198164220371905e-05
4.196873065099094e-05
4.1955827295816414e-05
4.1942932129588826e-05
4.193004514411125e-05
4.191716633083297e-05
4.190429568150545e-05
4.1891433187632096e-05
4.187857884105835e-05
4.186573263326778e-05
4.1852894556069544e-05
4.184006460110339e-05
4.182724276003048e-05
4.1814429024661036e-05
4.1801623386574974e-05
4.1788825837704794e-05
4.177603636967803e-05
4.176325497430039e-05
4.17504816433499e-05
4.173771636861551e-05
4.1724959141853494e-05
4.171220995498012e-05
4.169946879965741e-05
4.168673566791256e-05
4.167401055148492e-05
4.1661293442198654e-05
4.164858433206711e-05
4.163588321284832e-05
4.1623190076543634e-05
4.1610504914999164e-05
4.159782772012441e-05
4.158515848389721e-05
4.1572497198239625e-05
4.155984385510482e-05
4.154719844644568e-05
4.153456096432067e-05
4.152193140069059e-05
4.150930974749106e-05
4.1496695996859806e-05
4.148409014064425e-05
4.147149217113558e-05
4.1458902080152684e-05
4.144631985985182e-05
4.1433745502421054e-05
4.142117899974606e-05
4.140862034400604e-05
4.139606952733375e-05
4.138352654194853e-05
4.137099137968773e-05
4.135846403306326e-05
4.1345944493981125e-05
4.133343275467193e-05
4.132092880728944e-05
4.130843264401678e-05
4.129594425716148e-05
4.1283463638873703e-05
4.127099078140955e-05
4.12585256769158e-05
4.1246068317648594e-05
4.123361869599122e-05
4.122117680404488e-05
4.1208742634257314e-05
4.1196316178767104e-05
4.1183897430041286e-05
4.117148638024719e-05
4.11590830217064e-05
4.1146687346828274e-05
4.1134299348051836e-05
4.112191901753272e-05
4.110954634771881e-05
4.109718133100921e-05
4.108482395988095e-05
4.107247422651166e-05
4.106013212361404e-05
4.1047797643296074e-05
4.1035470778213514e-05
4.1023151520758156e-05
4.101083986329437e-05
4.0998535798423623e-05
4.0986076508391274e-05
4.097349846844928e-05
4.096092809914367e-05
4.09483653764909e-05
4.0935810293901326e-05
4.092326284384783e-05
4.0910723019055345e-05
4.089819081209036e-05
4.08856662156636e-05
4.0873149222501184e-05
4.086063982508076e-05
4.084813801613266e-05
4.083564378853864e-05
4.0823157134762984e-05
4.08106780476315e-05
4.079820651981113e-05
4.0785742544093145e-05
4.077328611320316e-05
4.076083721975924e-05
4.074839585665403e-05
4.0735962016689605e-05
4.07235356924912e-05
4.071111687699026e-05
4.0698705562850694e-05
4.06863017429776e-05
4.067390541019372e-05
4.0661516557291125e-05
4.064913517711502e-05
4.063676126251906e-05
4.0624394806334295e-05
4.06120358015161e-05
4.059968424087354e-05
4.058734011728652e-05
4.057500342371004e-05
4.056267415304872e-05
4.055035229812417e-05
4.0538037852007604e-05
4.052573080750868e-05
4.0513431157678194e-05
4.050113889543389e-05
4.048885401367818e-05
4.047657650553077e-05
4.04643063639301e-05
4.0452043581727215e-05
4.0439788152124955e-05
4.042754006811846e-05
4.041529932264272e-05
4.04030659088123e-05
4.039083981958154e-05
4.037862104809235e-05
4.036640958739483e-05
4.035420543049914e-05
4.034200857066648e-05
4.032981900073702e-05
4.031763671405671e-05
4.0305461703548286e-05
4.02932939624905e-05
4.028113348387577e-05
4.0268980260976064e-05
4.025683428683483e-05
4.0244695554705666e-05
4.0232564057735324e-05
4.02204397890359e-05
4.020832274187125e-05
4.019621290942938e-05
4.01841102848781e-05
4.0172014861436796e-05
4.0159926632395706e-05
4.014784559094611e-05
4.01357717304077e-05
4.0123705043929504e-05
4.01116455248045e-05
4.009959316629918e-05
4.0087547961755415e-05
4.0075509904415923e-05
4.006347898758352e-05
4.0051455204561836e-05
4.0039438548714136e-05
4.002742901332566e-05
4.001542659174937e-05
4.0003431277346385e-05
3.999144306340664e-05
3.997946194340765e-05
3.996748791071906e-05
3.995552095850418e-05
3.99435610804511e-05
3.993160826980622e-05
3.9919662519942216e-05
3.9907723824409504e-05
3.98957921764877e-05
3.9883867569809596e-05
3.987194999760075e-05
3.986003945345946e-05
3.9848135930821925e-05
3.98362394231308e-05
3.9824349923879054e-05
3.981246742647795e-05
3.980059192463184e-05
3.9788723411720486e-05
3.977686188117376e-05
3.9765007326643533e-05
3.975315974168635e-05
3.9741319119794715e-05
3.972948545445756e-05
3.9717658739273076e-05
3.970583896792031e-05
3.969402613374697e-05
3.968222023059079e-05
3.967042125193654e-05
3.9658629191290085e-05
3.9646844042405276e-05
3.963506579885821e-05
3.96232944542589e-05
3.961153000227899e-05
3.959977243659461e-05
3.958802175073301e-05
3.957627793847581e-05
3.9564540993434915e-05
3.9552810909358545e-05
3.954108767974318e-05
3.952937129854758e-05
3.9517661759366375e-05
3.950595905587522e-05
3.949426318183602e-05
3.9482574130970724e-05
3.947089189703389e-05
3.9459216473746395e-05
3.944754785482532e-05
3.943588603419162e-05
3.942423100540074e-05
3.941258276236863e-05
3.940094129886829e-05
3.9389306608692013e-05
3.9377678685682726e-05
3.9366057523588834e-05
3.935444311622374e-05
3.93428354574504e-05
3.933123454109482e-05
3.9319640361028195e-05
3.9308052911118504e-05
3.92964721851471e-05
3.9284898177051755e-05
3.9273330880677534e-05
3.926177029004257e-05
3.9250216398761735e-05
3.923866920100856e-05
3.9227128690532944e-05
3.92155948613241e-05
3.92040677073321e-05
3.919254722244588e-05
3.918103340059426e-05
3.9169526235739606e-05
3.915802572187881e-05
3.914653185292446e-05
3.9135044622898506e-05
3.912356402574752e-05
3.911209005553703e-05
3.910062270617158e-05
3.908916197164906e-05
3.907770784611693e-05
3.906626032341459e-05
3.9054819397702145e-05
3.9043385062980964e-05
3.903195731321311e-05
3.902053614263388e-05
3.900912154520733e-05
3.8997713514989354e-05
3.898631204599494e-05
3.8974917132466505e-05
3.896352876835503e-05
3.8952146947769094e-05
3.8940771664973114e-05
3.892940291392351e-05
3.8918040688753937e-05
3.890668498361778e-05
3.889533579266558e-05
3.888399311007027e-05
3.887265692993201e-05
3.886132724641328e-05
3.8850004053752325e-05
3.883868734598573e-05
3.882737711751957e-05
3.881607336230698e-05
3.880477607464657e-05
3.879348524880669e-05
3.87822008789198e-05
3.877092295916355e-05
3.875965148388534e-05
3.874838644730344e-05
3.873712784351202e-05
3.872587566702281e-05
3.871462991177995e-05
3.870339057232334e-05
3.869215764273493e-05
3.868093111745175e-05
3.8669710990604436e-05
3.8658497256564987e-05
3.864728990968668e-05
3.863608894419634e-05
3.8624894354426334e-05
3.861370613480126e-05
3.8602524279471806e-05
3.8591348782924956e-05
3.858017963943436e-05
3.8569016843303095e-05
3.855786038906429e-05
3.854671027090908e-05
3.8535566483326864e-05
3.852442902056278e-05
3.8513297877199336e-05
3.850217304751354e-05
3.849105452593794e-05
3.847994230678389e-05
3.846883638468459e-05
3.845773675382668e-05
3.844664340879865e-05
3.843555634393459e-05
3.842447555384308e-05
3.841340103274451e-05
3.840233277531083e-05
3.839127077587112e-05
3.838021502899269e-05
3.8369165529071425e-05
3.8358122270661445e-05
3.8347085248255684e-05
3.833605445634707e-05
3.832502988937853e-05
3.831401154191039e-05
3.830299940850622e-05
3.829199348367142e-05
3.828099376190723e-05
3.82700002378622e-05
3.825901290592484e-05
3.8248031760789755e-05
3.8237056796864216e-05
3.8226088008932535e-05
3.821512539139989e-05
3.8204168938965826e-05
3.8193218646127345e-05
3.8182274507528316e-05
3.8171336517760764e-05
3.81604046715001e-05
3.814947896324417e-05
3.813855938771546e-05
3.8127645939516416e-05
3.8116738613294095e-05
3.810583740367375e-05
3.8094942305328586e-05
3.808405331285811e-05
3.8073170421014567e-05
3.80622936243952e-05
3.805142291777583e-05
3.804055829576198e-05
3.802969975299796e-05
3.8018847284310306e-05
3.800800088434627e-05
3.799716054780078e-05
3.7986326269459893e-05
3.797549804391836e-05
3.796467586600175e-05
3.795385973044556e-05
3.7943049632049094e-05
3.7932245565378906e-05
3.792144752544017e-05
3.791065550672854e-05
3.789986950425185e-05
3.788908951262404e-05
3.787831552681929e-05
3.7867547541346e-05
3.785678555129189e-05
3.784602955122847e-05
3.783527953612232e-05
3.782453550070702e-05
3.7813797439837733e-05
3.780306534827121e-05
3.779233922099822e-05
3.778161905276644e-05
3.7770904838388656e-05
3.7760196572783886e-05
3.774949425074079e-05
3.7738797867180124e-05
3.7728107417022836e-05
3.771742289505378e-05
3.770674429616737e-05
3.769607161531688e-05
3.7685404847387476e-05
3.767474398728341e-05
3.766408902985472e-05
3.7653439970085334e-05
3.76427968029212e-05
3.763215952320161e-05
3.76215281259277e-05
3.761090260597169e-05
3.760028295842152e-05
3.758966917810682e-05
3.7579061260063395e-05
3.75684591991493e-05
3.755786299046252e-05
3.754727262894878e-05
3.753668810951662e-05
3.75261094272496e-05
3.751553657715016e-05
3.750496955411327e-05
3.749440835330592e-05
3.748385296963418e-05
3.747330339804096e-05
3.746275963378315e-05
3.745222167176613e-05
3.744168950699283e-05
3.743116313453232e-05
3.7420642549467055e-05
3.741012774694242e-05
3.739961872188523e-05
3.738911546937373e-05
3.737861798445936e-05
3.736812626233293e-05
3.735764029807017e-05
3.73471600866964e-05
3.7336685623341734e-05
3.732621690308619e-05
3.7315753921133935e-05
3.7305296672489997e-05
3.729484515236151e-05
3.728439935582717e-05
3.727395927807946e-05
3.726352491417017e-05
3.7253096259325235e-05
3.7242673308664045e-05
3.7232256057330496e-05
3.7221844500558346e-05
3.721143863338194e-05
3.720103845117228e-05
3.719064394890172e-05
3.718025512197464e-05
3.7169871965413566e-05
3.7159494474493714e-05
3.7149122644401104e-05
3.7138756470364637e-05
3.712839594757719e-05
3.711804107123595e-05
3.71076918366452e-05
3.709734823902007e-05
3.70870102735523e-05
3.707667793551066e-05
3.706635122021192e-05
3.7056030122771775e-05
3.7045714638556646e-05
3.7035404762847216e-05
3.702510049090886e-05
3.701480181793747e-05
3.70045087393514e-05
3.6994221250296945e-05
3.6983939346129426e-05
3.697366302221983e-05
3.696339227375377e-05
3.695312709619552e-05
3.694286748475016e-05
3.693261343476628e-05
3.6922364941630304e-05
3.6912122000509916e-05
3.6901884606943636e-05
3.689165275611891e-05
3.6881426443592286e-05
3.687120566457164e-05
3.686099041432861e-05
3.685078068845258e-05
3.684057648208723e-05
3.683037779087358e-05
3.6820184610113624e-05
3.680999693511627e-05
3.6799814761277066e-05
3.678963808405329e-05
3.6779466898783126e-05
3.676930120096757e-05
3.6759140985862455e-05
3.674898624914596e-05
3.6738836986040425e-05
3.67286931920307e-05
3.671855486266445e-05
3.670842199323484e-05
3.669829457946243e-05
3.668817261629534e-05
3.667805609968587e-05
3.666794502493478e-05
3.6657839387386446e-05
3.664773918267331e-05
3.663764440622022e-05
3.6627555053489905e-05
3.6617471120060436e-05
3.660739260140196e-05
3.659731949283624e-05
3.6587251790203745e-05
3.657718948867663e-05
3.656713258411443e-05
3.655708107182871e-05
3.6547034947412275e-05
3.653699420623378e-05
3.6526958844121664e-05
3.651692885649116e-05
3.650690423877661e-05
3.649688498671553e-05
3.6486871095671015e-05
3.6476862561439315e-05
3.64668593794846e-05
3.645686154532176e-05
3.6446869054698786e-05
3.643688190307605e-05
3.642690008595075e-05
3.6416923599213214e-05
3.640695243821452e-05
3.639698659850716e-05
3.638702607602507e-05
3.6377070866015016e-05
3.636712096450086e-05
3.635717636671257e-05
3.634723706857367e-05
3.6337303065514804e-05
3.632737435324705e-05
3.631745092749433e-05
3.630753278385332e-05
3.629761991806179e-05
3.6287712325579056e-05
3.6277810002288704e-05
3.626791294393532e-05
3.625802114586134e-05
3.624813460387587e-05
3.623825331382931e-05
3.622837727130729e-05
3.62185064719305e-05
3.620864091157054e-05
3.619878058585586e-05
3.61889254903392e-05
3.6179075621027344e-05
3.616923097344737e-05
3.61593915434959e-05
3.614955732673566e-05
3.613972831893122e-05
3.6129904515941225e-05
3.612008591336486e-05
3.611027250699569e-05
3.610046429263136e-05
3.609066126610269e-05
3.608086342294572e-05
3.607107075915453e-05
3.606128327042493e-05
3.605150095255091e-05
3.604172380135341e-05
3.603195181254522e-05
3.60221849819804e-05
3.6012423305421464e-05
3.60026667787774e-05
3.5992915397767295e-05
3.598316915806423e-05
3.597342805583326e-05
3.5963692086555906e-05
3.59539612463619e-05
3.5944235530816584e-05
3.593451493586539e-05
3.59247994574601e-05
3.591508909118229e-05
3.590538383333656e-05
3.589568367933415e-05
3.5885988625104815e-05
3.5876298666813794e-05
3.5866613800048276e-05
3.585693402084539e-05
3.584725932500227e-05
3.583758970837701e-05
3.582792516679694e-05
3.581826569645455e-05
3.5808611293009376e-05
3.5798961952262934e-05
3.578931767051781e-05
3.577967844327484e-05
3.5770044266696724e-05
3.576041513665487e-05
3.575079104910137e-05
3.574117199987143e-05
3.573155798491192e-05
3.572194900029312e-05
3.571234504192627e-05
3.570274610554752e-05
3.569315218754135e-05
3.568356328333198e-05
3.567397938940159e-05
3.566440050125639e-05
3.565482661525419e-05
3.5645257727276385e-05
3.563569383309125e-05
3.5626134928952994e-05
3.561658101068043e-05
3.560703207423683e-05
3.5597488115922564e-05
3.5587949131361237e-05
3.5578415116823325e-05
3.556888606824785e-05
3.555936198165911e-05
3.554984285304795e-05
3.5540328678520146e-05
3.5530819453861796e-05
3.552131517555024e-05
3.551181583921454e-05
3.5502321441125155e-05
3.549283197721452e-05
3.548334744362608e-05
3.547386783642418e-05
3.546439315156414e-05
3.5454923385287506e-05
3.544545853337413e-05
3.5435998592325314e-05
3.542654355783755e-05
3.541709342614386e-05
3.5407648193421255e-05
3.539820785564388e-05
3.538877240894958e-05
3.537934184927433e-05
3.536991617313353e-05
3.536049537622616e-05
3.535107945486192e-05
3.534166840523719e-05
3.533226222340019e-05
3.5322860905382524e-05
3.531346444724556e-05
3.530407284544175e-05
3.529468609588717e-05
3.5285304194884924e-05
3.527592713838928e-05
3.526655492256638e-05
3.525718754379845e-05
3.5247824998087284e-05
3.5238467281482345e-05
3.522911439044877e-05
3.5219766320988636e-05
3.521042306916699e-05
3.520108463141527e-05
3.519175100386173e-05
3.518242218263071e-05
3.517309816378631e-05
3.516377894385845e-05
3.515446451876716e-05
3.514515488490927e-05
3.5135850038357474e-05
3.512654997545604e-05
3.5117254692277715e-05
3.510796418517311e-05
3.509867845029676e-05
3.50893974839424e-05
3.5080121282399864e-05
3.5070849841697714e-05
3.506158315836725e-05
3.505232122837673e-05
3.5043064048328046e-05
3.5033811614002955e-05
3.502456392208908e-05
3.50153209687891e-05
3.500608275012681e-05
3.4996849262541403e-05
3.4987620502427356e-05
3.4978396465935185e-05
3.49691771492718e-05
3.495996254891806e-05
3.4950752660998355e-05
3.49415474819217e-05
3.493234700804709e-05
3.4923151235491846e-05
3.491396016069137e-05
3.490477377999805e-05
3.48955920895682e-05
3.488641508591814e-05
3.487724276538118e-05
3.486807512409511e-05
3.485891215851358e-05
3.4849753865018e-05
3.484060023989302e-05
3.483145127953609e-05
3.482230698023303e-05
3.48131673383928e-05
3.48040323503458e-05
3.479490201245831e-05
3.478577632112839e-05
3.4776655272578474e-05
3.476753886349658e-05
3.4758427090073155e-05
3.474931994852532e-05
3.474021743561743e-05
3.473111954735576e-05
3.472202628046208e-05
3.471293763113927e-05
3.470385359582335e-05
3.469477417092041e-05
3.468569935296131e-05
3.467662913816911e-05
3.466756352312068e-05
3.465850250425421e-05
3.4649446077825895e-05
3.4640394240387e-05
3.463134698825712e-05
3.462230431813473e-05
3.4613266226196425e-05
3.4604232709019036e-05
3.459520376293157e-05
3.458617938464797e-05
3.4577159570234004e-05
3.456814431649925e-05
3.455913361986287e-05
3.4550127476491066e-05
3.454112588324321e-05
3.453212883648099e-05
3.452313633253327e-05
3.4514148367922096e-05
3.4505164939385896e-05
3.449618604311339e-05
3.448721167573685e-05
3.447824183369232e-05
3.446927651358784e-05
3.4460315711891504e-05
3.445135942499015e-05
3.444240764959458e-05
3.443346038218447e-05
3.442451761915022e-05
3.441557935715694e-05
3.4406645592551277e-05
3.439771632205839e-05
3.438879154215384e-05
3.437987124940608e-05
3.4370955440304027e-05
3.4362044111277816e-05
3.435313725910768e-05
3.434423488039869e-05
3.433533697138214e-05
3.432644352896865e-05
3.431755454943145e-05
3.4308670029532234e-05
3.429978996577781e-05
3.42909143547062e-05
3.428204319303739e-05
3.427317647720303e-05
3.426431420391053e-05
3.425545636961432e-05
3.424660297099609e-05
3.4237754004634267e-05
3.422890946735102e-05
3.422006935530743e-05
3.421123366552386e-05
3.420240239434447e-05
3.419357553856445e-05
3.418475309455011e-05
3.417593505933944e-05
3.416712142922287e-05
3.4158312200830794e-05
3.41495073710258e-05
3.4140706936376166e-05
3.413191089330334e-05
3.412311923874481e-05
3.411433196921111e-05
3.4105549081337804e-05
3.4096770571809005e-05
3.408799643728518e-05
3.407922667442669e-05
3.40704612799649e-05
3.406170025063032e-05
3.405294358285392e-05
3.4044191273306304e-05
3.4035443318964365e-05
3.402669971631167e-05
3.401796046206455e-05
3.400922555295069e-05
3.4000494985618465e-05
3.3991768756949294e-05
3.3983046863236066e-05
3.39743293016554e-05
3.3965616068527984e-05
3.395690716083131e-05
3.394820257513621e-05
3.39395023081909e-05
3.393080635674301e-05
3.392211471753037e-05
3.391342738726295e-05
3.390474436267726e-05
3.389606564057468e-05
3.388739121757054e-05
3.387872109048415e-05
3.3870055256094153e-05
3.386139371104268e-05
3.3852736452125635e-05
3.384408347611327e-05
3.383543477987953e-05
3.38267903599783e-05
3.381815021331983e-05
3.380951433661978e-05
3.3800882726737044e-05
3.379225538021954e-05
3.3783632294112215e-05
3.377501346505266e-05
3.376639889001517e-05
3.375778856541889e-05
3.3749182488392885e-05
3.37405806556025e-05
3.373198306395122e-05
3.372338971023461e-05
3.37148005909694e-05
3.370621570328272e-05
3.3697635043997734e-05
3.368905860976186e-05
3.368048639742574e-05
3.367191840381992e-05
3.3663354625867855e-05
3.3654795060259545e-05
3.364623970392361e-05
3.3637688553792e-05
3.362914160654365e-05
3.362059885896775e-05
3.36120603081594e-05
3.3603525950809784e-05
3.359499578370073e-05
3.358646980374163e-05
3.357794800801525e-05
3.3569430393044666e-05
3.3560916955822176e-05
3.355240769334453e-05
3.35439026024393e-05
3.353540167975566e-05
3.352690492246458e-05
3.351841232735505e-05
3.350992389118038e-05
3.3501439610949114e-05
3.3492959483689166e-05
3.3484483506040076e-05
3.347601167509047e-05
3.346754398750826e-05
3.345908044041891e-05
3.3450621030792214e-05
3.344216575525091e-05
3.343371461102275e-05
3.3425267594763784e-05
3.341682470350268e-05
3.3408385934318435e-05
3.339995128384612e-05
3.3391520749207806e-05
3.338309432721586e-05
3.3374672015045976e-05
3.3366253809295736e-05
3.3357839707271604e-05
3.334942970567178e-05
3.3341023801419465e-05
3.333262199164666e-05
3.332422427313799e-05
3.331583064302017e-05
3.330744109815768e-05
3.329905563543395e-05
3.3290674252041516e-05
3.328229694483421e-05
